0.287199 0.251475 0.046287
0.290419 0.240004 0.051788
0.288868 0.242566 0.050501
0.290165 0.238215 0.052602
0.285213 0.257902 0.043167
0.287403 0.248839 0.047502
0.291089 0.235995 0.053696
0.286065 0.256500 0.043875
0.289836 0.238175 0.052597
0.278341 0.278596 0.030422
0.262239 0.377110 -0.013875
0.295938 0.336008 0.010074
0.269039 0.589667 -0.112330
0.316202 0.354657 -0.003750
0.329640 0.499468 -0.074078
0.386407 0.267467 0.038734
0.389406 0.371358 -0.015292
0.430421 0.314743 0.012616
0.470759 0.255714 0.043305
0.457727 0.335860 -0.000617
0.499031 0.312806 0.008957
0.521327 0.329958 -0.001685
0.520298 0.489423 -0.084925
0.583721 0.285609 0.024645
0.601556 0.311635 0.010522
0.603502 0.427402 -0.050231
0.650640 0.284092 0.031306
0.676859 0.277910 0.039425
0.687960 0.308304 0.028802
0.684917 0.351747 0.007308
0.721838 0.255181 0.072933
0.714685 0.333333 0.029694
0.747943 0.316392 0.031374
0.752164 0.340338 0.016406
0.740859 0.453460 -0.054236
0.797268 0.325920 0.026862
0.784845 0.422312 -0.039406
0.834357 0.346635 0.005770
0.865243 0.315047 0.024105
0.894591 0.300896 0.033031
0.909316 0.322021 0.020867
0.958496 0.277926 0.050897
0.954504 0.324978 0.016429
0.993525 0.295204 0.034219
1.014757 0.297265 0.024009
1.032855 0.311861 0.012750
1.075871 0.284500 0.027923
1.098194 0.289216 0.025221
1.109356 0.293608 0.020163
1.140207 0.290843 0.026216
1.145953 0.303985 0.010437
1.184134 0.287551 0.022426
1.201331 0.292337 0.018352
1.210811 0.303305 0.011948
1.183889 0.368655 -0.046351
1.248039 0.264433 0.038679
1.251129 0.295511 0.006822
1.277313 0.296640 0.001057
1.296385 0.302677 -0.009237
1.316066 0.314423 -0.022834
1.337342 0.307976 -0.020512
1.380943 0.291935 -0.011813
1.398103 0.292066 -0.012144
1.430628 0.281183 -0.001756
1.444390 0.285370 -0.005665
1.475909 0.286181 -0.000522
1.495605 0.290464 -0.006180
1.501009 0.302230 -0.020580
1.550396 0.278653 0.003094
1.568454 0.275111 0.008333
1.589841 0.275919 0.005662
1.607427 0.285699 -0.011915
1.628516 0.278299 0.001421
1.645431 0.278691 -0.002249
1.664323 0.275327 0.008541
1.647467 0.293522 -0.023168
1.658363 0.305181 -0.045563
1.696193 0.280334 -0.013442
1.723113 0.277051 0.003742
1.744200 0.273343 0.005711
1.758695 0.281919 -0.013159
1.797991 0.271591 0.006882
1.821555 0.271879 0.002869
1.848374 0.268693 0.011075
1.861735 0.269844 0.005108
1.873030 0.278463 -0.016426
1.922346 0.267460 0.023845
1.929100 0.270424 0.010072
1.956426 0.268778 0.011779
1.989853 0.265623 0.029141
2.012270 0.265447 0.027242
2.020371 0.265563 0.020786
2.059506 0.262659 0.038950
2.076838 0.261549 0.040688
2.085009 0.260139 0.037442
2.117223 0.253572 0.074021
2.118903 0.261924 0.071579
2.120615 0.270115 0.069253
2.122295 0.278175 0.066961
2.123944 0.286105 0.064705
2.125561 0.293904 0.062484
2.127147 0.301572 0.060298
2.128702 0.309110 0.058148
2.130226 0.316517 0.056033
2.130954 0.320999 0.016291
2.131317 0.323240 -0.003580
2.131681 0.325481 -0.023450
2.132045 0.327723 -0.043321
2.132408 0.329964 -0.063192
2.132772 0.332205 -0.083062
2.133136 0.334446 -0.102933
2.133499 0.336687 -0.122804
2.133863 0.338928 -0.142675
2.134227 0.341169 -0.162545
2.134590 0.343410 -0.182416
2.134954 0.345652 -0.202287
2.135318 0.347893 -0.222157
2.135681 0.350134 -0.242028
2.136045 0.352375 -0.261899
2.136409 0.354616 -0.281770
2.136772 0.356857 -0.301640
2.137136 0.359098 -0.321511
2.137500 0.361340 -0.341382
2.137863 0.363581 -0.361252
2.138227 0.365822 -0.381123
2.138591 0.368063 -0.400994
2.138954 0.370304 -0.420864
2.139318 0.372545 -0.440735
2.139682 0.374786 -0.460606
2.140045 0.377027 -0.480477
2.140409 0.379269 -0.500347
2.140773 0.381510 -0.520218
2.141136 0.383751 -0.540089
2.141500 0.385992 -0.559959
2.141864 0.388233 -0.579830
2.142227 0.390474 -0.599701
2.142591 0.392715 -0.619572
2.142955 0.394957 -0.639442
2.143318 0.397198 -0.659313
2.143682 0.399439 -0.679184
2.144046 0.401680 -0.699054
2.144409 0.403921 -0.718925
2.144773 0.406162 -0.738796
2.145137 0.408403 -0.758667
2.145500 0.410644 -0.778537
2.186692 0.327714 -1.611469
2.184055 0.332239 -1.638556
2.182755 0.334243 -1.662642
2.179656 0.339628 -1.719591
2.179197 0.340928 -1.744534
2.179367 0.340596 -1.812016
2.177915 0.341596 -1.844112
2.177730 0.336731 -1.897863
2.207620 0.271190 -2.006359
2.200714 0.284971 -2.022237
2.201926 0.288130 -2.071854
2.200951 0.299753 -2.070376
2.192755 0.289123 -2.104909
2.186251 0.293478 -2.124228
2.185370 0.296610 -2.158084
2.176693 0.299176 -2.193450
2.171515 0.302194 -2.236994
2.166878 0.305794 -2.262243
2.164421 0.308889 -2.315080
2.153806 0.314968 -2.352386
2.145543 0.316078 -2.379263
2.142139 0.322330 -2.419214
2.131787 0.325080 -2.450662
2.118752 0.331503 -2.494480
2.116761 0.337133 -2.516341
2.106841 0.343280 -2.557008
2.100744 0.352083 -2.585840
2.087451 0.367371 -2.609343
2.073752 0.353316 -2.640750
2.056357 0.374093 -2.674169
2.044443 0.383706 -2.690780
2.044034 0.383780 -2.703947
2.034736 0.386122 -2.729439
2.019734 0.374330 -2.767589
2.006267 0.384341 -2.793012
2.004164 0.408984 -2.792337
1.988806 0.410929 -2.814131
1.977024 0.424997 -2.845809
1.960058 0.426494 -2.858903
1.944929 0.425612 -2.900701
1.930544 0.412456 -2.946743
1.921247 0.427095 -2.981414
1.906781 0.444418 -3.014668
1.894679 0.449598 -3.060839
1.886988 0.458424 -3.091369
1.833580 0.516410 -3.116346
1.757702 0.652438 -3.065436
1.725598 0.685824 -3.049351
1.665950 0.754189 -3.021140
1.599741 0.822911 -2.992614
1.563540 0.839738 -2.980945
1.548007 0.858535 -2.972206
1.517523 0.874731 -2.962312
1.483428 0.885052 -2.954596
1.473325 0.898785 -2.950889
1.443468 0.891985 -2.952090
1.445841 0.866617 -2.957644
1.447688 0.872147 -2.962466
1.418521 0.860090 -2.963488
1.388435 0.860180 -2.957000
1.368666 0.863810 -2.951198
1.352494 0.863505 -2.950517
1.281531 0.895522 -2.917502
1.219207 0.928770 -2.890983
1.205144 0.916681 -2.889906
1.193066 0.917294 -2.886978
1.185317 0.912268 -2.888633
1.164116 0.902871 -2.881633
1.147815 0.902693 -2.873132
1.134261 0.897731 -2.870557
1.114937 0.898129 -2.861274
1.109517 0.895996 -2.860640
1.064211 0.899944 -2.836076
1.034649 0.915475 -2.820789
1.000350 0.914906 -2.806327
0.947934 0.934305 -2.770226
0.902982 0.934497 -2.745093
0.862740 0.942216 -2.717386
1.411724 0.371849 2.666781
1.366880 0.336752 2.636958
1.474468 0.406440 2.681762
1.410794 0.367435 2.631613
1.426669 0.369442 2.624705
1.406545 0.357323 2.593652
1.332659 0.296545 2.543856
1.410034 0.345387 2.570971
1.842177 0.415346 2.758272
1.868767 0.425854 2.751750
1.478416 0.322354 2.533664
1.671026 0.368817 2.641605
1.571070 0.352740 2.600468
1.575908 0.353805 2.615614
1.793354 0.422490 2.743314
1.330286 0.354229 2.523080
1.307291 0.350123 2.527282
1.248543 0.335321 2.520677
1.141964 0.261876 2.465171
1.193851 0.302434 2.508339
1.275619 0.391302 2.583321
1.255032 0.389217 2.585338
1.282042 0.415713 2.620000
1.267985 0.422294 2.631278
1.364231 0.482590 2.698034
1.416403 0.509833 2.769145
1.368828 0.489990 2.769819
1.380380 0.501549 2.808231
1.386120 0.505685 2.822757
1.479327 0.549134 2.888348
1.225903 0.440008 2.791330
1.205378 0.433650 2.798475
1.206854 0.438965 2.827590
1.193286 0.435389 2.849942
1.197565 0.452989 2.882373
1.190007 0.453754 2.892818
1.183795 0.454533 2.897960
1.167995 0.452676 2.904783
1.165322 0.454180 2.903520
1.195846 0.445701 2.927499
1.136084 0.454386 2.928302
1.139167 0.457853 2.941491
1.143634 0.459563 2.951819
1.152309 0.461811 2.960340
1.149259 0.463182 2.959472
1.145161 0.462243 2.957504
1.150299 0.463062 2.959839
1.149786 0.462191 2.957382
1.148708 0.463077 2.956970
1.156309 0.462523 2.961219
1.149983 0.462449 2.959331
1.152005 0.462103 2.960509
1.152714 0.462346 2.960674
1.193629 0.455884 2.981961
1.127019 0.456943 2.955465
1.186559 0.455938 2.995826
1.098619 0.467399 2.970350
1.079297 0.465060 2.971555
1.072975 0.469124 2.981549
1.052433 0.473005 2.984100
1.042663 0.468296 2.991039
1.004349 0.478589 2.987186
0.966600 0.489638 2.983468
0.979317 0.476090 2.991240
0.931607 0.490411 2.988615
0.927873 0.487510 2.995112
0.865718 0.492284 2.985294
0.845071 0.495930 2.989523
0.823193 0.500498 2.993030
0.801475 0.501928 2.992982
0.786726 0.499345 2.988633
0.758398 0.499211 2.982868
0.741673 0.504609 2.984387
0.800132 0.564098 3.051440
0.781467 0.558760 3.047242
0.769272 0.567285 3.056697
0.755050 0.569447 3.062224
0.751225 0.568510 3.069369
0.723515 0.569995 3.063130
0.709794 0.571401 3.064435
0.684700 0.572149 3.065821
0.674122 0.574173 3.071144
0.652405 0.574429 3.077350
0.634897 0.577653 3.078891
0.594652 0.574268 3.064678
0.579316 0.577987 3.070431
0.557816 0.571153 3.076608
0.522623 0.572156 3.078070
0.495061 0.576292 3.081872
0.480737 0.572317 3.080318
0.458835 0.600620 -3.125717
0.442198 0.601352 -3.117066
0.420772 0.600952 -3.112732
0.405391 0.602258 -3.102987
0.372932 0.599471 -3.103129
0.363148 0.600884 -3.092978
0.341261 0.601030 -3.087907
0.321336 0.599103 -3.087756
0.315562 0.597413 -3.082048
0.307481 0.596994 -3.088826
0.297643 0.595958 -3.087917
0.274629 0.595299 -3.085055
0.264581 0.594520 -3.084131
0.247740 0.594113 -3.091587
0.240048 0.593133 -3.068719
0.241984 0.593741 -3.030594
0.244726 0.591093 -2.992391
0.246892 0.590938 -2.944855
0.248311 0.590482 -2.916803
0.250783 0.590507 -2.872381
0.252073 0.590595 -2.809261
0.255680 0.589363 -2.761090
0.257665 0.589717 -2.713915
0.259875 0.590625 -2.684202
0.263385 0.590842 -2.635667
0.265292 0.591670 -2.609112
0.269829 0.592273 -2.570682
0.271485 0.593562 -2.548703
0.270842 0.595726 -2.528831
0.270203 0.597889 -2.508959
0.269563 0.600052 -2.489087
0.268923 0.602215 -2.469214
0.268283 0.604378 -2.449342
0.267644 0.606541 -2.429469
0.267004 0.608704 -2.409597
0.266364 0.610867 -2.389725
0.265724 0.613030 -2.369852
0.265085 0.615192 -2.349980
0.264445 0.617355 -2.330107
0.263805 0.619518 -2.310235
0.263165 0.621681 -2.290363
0.262526 0.623844 -2.270490
0.261886 0.626007 -2.250618
0.261246 0.628170 -2.230745
0.260606 0.630333 -2.210873
0.269394 0.630932 -1.828958
0.278583 0.638842 -1.784854
0.281013 0.642260 -1.759210
0.287321 0.649838 -1.729462
0.289754 0.653387 -1.707604
0.289915 0.656884 -1.647250
0.291973 0.667636 -1.625487
0.290857 0.666516 -1.560098
0.294245 0.671003 -1.535266
0.301701 0.682731 -1.523236
0.299853 0.680006 -1.497064
0.303119 0.689175 -1.484305
0.308527 0.689307 -1.465050
0.303108 0.693388 -1.429280
0.308721 0.693474 -1.410084
0.314321 0.693563 -1.390884
0.305236 0.702120 -1.355497
0.312899 0.702608 -1.325674
0.319769 0.705888 -1.311924
0.327460 0.711963 -1.275485
0.327489 0.709549 -1.253404
0.332573 0.714442 -1.228691
0.336364 0.715344 -1.208407
0.342375 0.720637 -1.177121
0.341881 0.718695 -1.152098
0.348622 0.721822 -1.127595
0.350762 0.725738 -1.096341
0.355743 0.728473 -1.056462
0.359302 0.730272 -1.035317
0.360942 0.733840 -0.995884
0.370260 0.738884 -0.968317
0.367680 0.740971 -0.925460
0.378859 0.746140 -0.888192
0.401227 0.759461 -0.900610
0.381976 0.751845 -0.863799
0.381281 0.753316 -0.819746
0.375869 0.753096 -0.770734
0.370047 0.754139 -0.700836
0.372098 0.753434 -0.637753
0.375149 0.759968 -0.602957
0.357222 0.755520 -0.513807
0.323513 0.742594 -0.402170
0.409757 0.742138 -0.433698
0.407255 0.702534 -0.353782
0.414349 0.553668 -0.212721
0.423363 0.776649 -0.282706
0.448391 0.915983 -0.269300
0.440503 0.885782 -0.205120
0.425591 0.646514 -0.014788
0.435663 0.581280 0.056936
0.454315 0.802266 -0.033645
0.460233 0.600021 0.086651
0.480206 0.787028 -0.000230
0.481180 0.627835 0.098091
0.488385 0.636925 0.120456
0.504472 0.755998 0.055701
0.520125 0.696909 0.087248
0.543300 0.753407 0.061399
0.567150 0.811069 0.043973
0.571581 0.656045 0.123496
0.597141 0.812175 0.032573
0.609382 0.802377 0.041946
0.628373 0.781480 0.049351
0.632472 0.723774 0.080202
0.654516 0.811206 0.027394
0.657405 0.783671 0.037211
0.685516 0.795574 0.019722
0.681425 0.699081 0.067939
0.708825 0.728627 0.057919
0.713245 0.694648 0.048590
0.750520 0.776104 -0.007830
0.778626 0.724088 0.014694
0.807804 0.766607 -0.013190
0.810098 0.707416 0.026730
0.834478 0.716418 0.014570
0.861269 0.654982 0.042367
0.898495 0.759355 -0.032614
0.906787 0.720146 -0.009180
0.948541 0.768745 -0.047914
0.978151 0.736485 -0.029468
0.995397 0.715165 -0.014933
1.028804 0.783422 -0.065616
1.037588 0.736190 -0.036086
1.068400 0.762411 -0.066510
1.088446 0.736971 -0.056519
1.112111 0.713087 -0.042266
1.136495 0.747455 -0.071615
1.139687 0.722208 -0.050151
1.155026 0.736006 -0.072065
1.165965 0.706810 -0.042514
1.187049 0.726667 -0.061906
1.212337 0.758146 -0.093277
1.202209 0.634776 0.021061
1.243307 0.722904 -0.053791
1.292980 0.742457 -0.078314
1.309474 0.740720 -0.078503
1.331174 0.726120 -0.064747
1.346142 0.700671 -0.038598
1.377864 0.732929 -0.066578
1.394228 0.705524 -0.042415
1.426573 0.733078 -0.071715
1.436876 0.714418 -0.050342
1.462456 0.703127 -0.039085
1.481620 0.718990 -0.057702
1.510894 0.719948 -0.058900
1.530789 0.699997 -0.036970
1.549730 0.712590 -0.052526
1.567858 0.712290 -0.049637
1.588982 0.713490 -0.052995
1.606923 0.708596 -0.045426
1.624994 0.707433 -0.043019
1.634570 0.707502 -0.038599
1.641588 0.678083 0.001879
1.666801 0.716185 -0.049248
1.668806 0.688369 -0.013776
1.694085 0.710758 -0.044866
1.714016 0.714826 -0.049535
1.731272 0.698553 -0.025905
1.758157 0.698587 -0.023249
1.785631 0.701794 -0.027039
1.809477 0.694177 -0.011840
1.828755 0.698465 -0.019055
1.851011 0.692520 -0.006651
1.885062 0.693946 -0.012177
1.913847 0.698853 -0.022530
1.928155 0.697112 -0.020161
1.951658 0.693614 -0.013973
1.983263 0.690950 -0.011735
1.999378 0.690651 -0.011856
2.020348 0.686307 -0.004382
2.041225 0.693560 -0.025922
2.067760 0.689237 -0.016138
2.089144 0.689298 -0.017202
2.104003 0.691517 -0.027721
2.120158 0.689200 -0.015199
2.132505 0.689657 -0.018924
2.142850 0.689950 -0.020552
2.156195 0.697530 -0.018103
2.154421 0.696709 -0.008412
2.159239 0.698592 -0.016833
2.161234 0.700288 -0.017951
2.163702 0.707094 -0.023401
2.165062 0.709434 -0.023132
2.166192 0.712649 -0.035202
2.166170 0.718206 -0.048178
2.167609 0.721716 -0.050244
2.168360 0.724737 -0.062497
2.169418 0.727419 -0.067781
2.169020 0.734073 -0.080403
2.168026 0.736978 -0.084156
2.167669 0.741029 -0.093803
2.168001 0.741834 -0.147175
2.166215 0.740111 -0.165136
2.167243 0.738270 -0.208198
2.167412 0.738988 -0.264246
2.168862 0.737755 -0.308230
2.170169 0.738111 -0.357623
2.168087 0.737836 -0.401167
2.167594 0.737602 -0.421673
2.166878 0.739195 -0.467135
2.165868 0.739825 -0.491529
2.164632 0.740813 -0.528868
2.163087 0.741015 -0.565386
2.162529 0.741342 -0.597154
2.162007 0.742556 -0.622163
2.159670 0.744459 -0.659515
2.158066 0.746293 -0.711930
2.155509 0.747238 -0.728385
2.153866 0.748695 -0.753636
2.149663 0.750961 -0.789083
2.146693 0.752879 -0.812957
2.147066 0.755715 -0.837538
2.143442 0.756761 -0.861524
2.142003 0.758184 -0.884079
2.141077 0.759190 -0.910633
2.138527 0.760391 -0.944144
2.137810 0.763861 -1.004734
2.137233 0.764908 -1.036147
2.163031 0.786284 -1.175549
2.150719 0.790309 -1.185764
2.130099 0.802432 -1.211854
2.128939 0.802929 -1.241521
2.115327 0.811404 -1.278719
2.109615 0.815672 -1.351413
2.110620 0.814361 -1.403022
2.106190 0.820830 -1.459198
2.096325 0.829189 -1.490453
2.166809 0.751073 -1.625763
2.162869 0.759835 -1.634500
2.162552 0.766797 -1.648237
2.157143 0.774958 -1.668822
2.155429 0.788949 -1.664635
2.154533 0.786035 -1.688055
2.162363 0.779907 -1.734079
2.143254 0.805522 -1.732177
2.143530 0.801446 -1.746403
2.170763 0.773012 -1.786443
2.155815 0.774877 -1.829536
2.149925 0.794522 -1.853913
2.140477 0.804139 -1.877506
2.130114 0.813810 -1.903534
2.122109 0.823177 -1.949848
2.117985 0.822451 -1.973042
2.114486 0.827506 -2.010596
2.108445 0.836020 -2.026219
2.110672 0.834941 -2.073510
2.102317 0.836403 -2.098217
2.105747 0.839324 -2.141249
2.099646 0.842608 -2.170892
2.105302 0.860702 -2.217815
2.085020 0.849631 -2.247871
2.085560 0.857775 -2.282811
2.081390 0.849038 -2.317091
2.075288 0.867113 -2.357224
2.071487 0.875002 -2.379108
2.068575 0.876332 -2.397544
2.063853 0.883010 -2.413799
2.056658 0.877204 -2.443181
2.061536 0.883856 -2.467211
2.047174 0.883572 -2.492782
2.040026 0.889368 -2.504265
2.042703 0.905780 -2.526561
2.029470 0.895932 -2.547011
2.023292 0.898649 -2.598013
2.011540 0.882696 -2.647764
1.996970 0.885711 -2.672526
1.984889 0.883993 -2.717538
1.977894 0.886878 -2.747552
1.955520 0.875674 -2.803066
1.943480 0.889486 -2.836476
1.925112 0.884668 -2.882119
1.909575 0.881122 -2.923785
1.901966 0.904264 -2.944091
1.880619 0.877870 -3.021175
1.859985 0.906309 -3.029652
1.853322 0.908845 -3.047016
1.870494 0.904784 -3.081215
1.835881 0.898308 -3.119642
1.827781 0.923474 -3.130607
1.803823 0.939983 -3.134662
1.723325 0.993023 -3.106843
1.688665 1.016147 -3.094454
1.663730 1.033539 -3.088447
1.652391 1.036218 -3.088203
1.610212 1.056691 -3.071573
1.610201 1.048722 -3.078774
1.592730 1.042369 -3.077284
1.568613 1.045754 -3.079386
1.548845 1.043172 -3.078332
1.518584 1.045569 -3.075452
1.481449 1.041945 -3.072108
1.466378 1.044266 -3.073189
1.453108 1.035437 -3.084089
1.417333 1.034452 -3.071187
1.401889 1.034554 -3.071894
1.376034 1.034079 -3.072526
1.335241 1.042512 -3.052033
1.456154 0.917908 3.090827
1.416805 0.908345 3.078961
1.415215 0.918510 3.085003
1.381604 0.909953 3.073946
1.381009 0.917504 3.083719
1.366252 0.917574 3.087962
1.344519 0.917569 3.087480
1.330302 0.916153 3.086764
1.321174 0.916069 3.094637
1.319068 0.913352 3.090333
1.318442 0.922681 3.095716
1.295171 0.917740 3.091435
1.267401 0.913356 3.089561
1.253144 0.917340 3.089424
1.256997 0.923790 3.109808
1.211336 0.920443 3.090143
1.241516 0.927208 3.109557
1.180599 0.927569 3.104461
1.147388 0.924819 3.104121
1.116314 0.923448 3.108121
1.087659 0.922643 3.104085
1.079751 0.926931 3.116802
1.051695 0.930053 3.115238
1.019891 0.929569 3.109178
0.979576 0.927540 3.105704
1.014129 0.933868 3.136143
0.933639 0.928852 3.108730
0.936719 0.929022 3.118152
0.887584 0.930046 3.104005
0.874578 0.929476 3.106094
0.848720 0.930497 3.101534
0.839606 0.929238 3.102847
0.810985 0.929959 3.100522
0.789288 0.925375 3.105022
0.794679 0.929937 3.102805
0.771391 0.929635 3.103376
0.768671 0.926375 3.108507
0.743772 0.926485 3.102204
0.722517 0.928688 3.095776
0.716302 0.921612 3.102936
0.681465 0.927245 3.086285
0.655643 0.928089 3.075102
0.642489 0.924166 3.076261
0.660882 0.977531 3.132460
0.653007 0.989124 -3.127351
0.618622 0.987326 -3.129442
0.599519 0.985395 -3.135581
0.559277 0.980992 3.132915
0.546880 0.985530 3.140425
0.520221 0.983393 3.132480
0.502321 0.988580 -3.139345
0.476118 0.987409 3.139190
0.453076 0.989380 -3.138734
0.439234 0.990309 -3.132889
0.401380 0.988286 -3.140907
0.388971 0.990431 -3.133927
0.364008 0.989607 -3.139639
0.358403 0.993255 -3.123161
0.322511 0.989028 -3.138961
0.321137 0.990162 -3.139934
0.309307 0.990498 -3.138358
0.282058 0.989719 3.134679
0.271494 0.990601 3.135875
0.251074 0.989864 3.131434
0.240708 0.990590 3.124518
0.229629 0.981516 -3.139909
0.227506 0.982444 3.140454
0.227666 0.983935 3.160398
0.227825 0.985426 3.180341
0.227983 0.986918 3.200285
0.228142 0.988409 3.220229
0.228300 0.989901 3.240172
0.228459 0.991392 3.260116
0.205037 1.001615 -2.883026
0.209742 0.998373 -2.856869
0.212955 0.998852 -2.842472
0.218625 0.998968 -2.796964
0.220996 0.998525 -2.767774
0.224966 0.999140 -2.731320
0.230281 1.000824 -2.696931
0.232836 1.001994 -2.675613
0.233853 1.002480 -2.647259
0.238262 1.004098 -2.606013
0.239561 1.004817 -2.582406
0.245609 1.008055 -2.537338
0.245755 1.007764 -2.526112
0.249667 1.008791 -2.492287
0.251531 1.010258 -2.471315
0.255434 1.014146 -2.422044
0.256078 1.015834 -2.393098
0.260989 1.017343 -2.359181
0.262633 1.019355 -2.327140
0.263598 1.021884 -2.293416
0.265289 1.023769 -2.267817
0.266622 1.025532 -2.240577
0.269229 1.028582 -2.190690
0.270549 1.031133 -2.165733
0.272985 1.033518 -2.141832
0.164603 0.997635 -1.994012
0.186055 1.005852 -1.989831
0.204043 1.013651 -1.971009
0.226380 1.029121 -1.941062
0.238973 1.035075 -1.924594
0.247663 1.039031 -1.893837
0.253333 1.043647 -1.862340
0.256584 1.048619 -1.843660
0.257652 1.050308 -1.817175
0.251863 1.058262 -1.759689
0.284498 1.069426 -1.774403
0.272303 1.074776 -1.749369
0.282241 1.084580 -1.731823
0.287084 1.094128 -1.718485
0.264282 1.089465 -1.672654
0.277458 1.096303 -1.667175
0.292569 1.108407 -1.653831
0.288608 1.108093 -1.636094
0.294723 1.114441 -1.620951
0.311778 1.121226 -1.600630
0.299688 1.120877 -1.578506
0.319849 1.130100 -1.567484
0.321559 1.123877 -1.552782
0.324678 1.127455 -1.538678
0.325065 1.123113 -1.502806
0.316167 1.122341 -1.484329
0.324165 1.128432 -1.473425
0.315501 1.121518 -1.447724
0.325436 1.127231 -1.433489
0.340511 1.131858 -1.437188
0.322036 1.124967 -1.405283
0.337006 1.131550 -1.393694
0.332344 1.129881 -1.370866
0.336583 1.130761 -1.353687
0.337860 1.130303 -1.317714
0.334762 1.129772 -1.301607
0.345033 1.135857 -1.288075
0.351816 1.140020 -1.271933
0.361848 1.139982 -1.248657
0.348399 1.138074 -1.220234
0.356993 1.145684 -1.202404
0.364714 1.143134 -1.189926
0.364987 1.145391 -1.169555
0.361298 1.146730 -1.150409
0.376721 1.148521 -1.128162
0.376107 1.149235 -1.115220
0.378838 1.153321 -1.095788
0.365395 1.149786 -1.060609
0.384309 1.155103 -1.044691
0.386952 1.159169 -1.032406
0.384131 1.157440 -0.990240
0.369996 1.154549 -0.957157
0.370532 1.160475 -0.912808
0.339414 1.145919 -0.847895
0.384002 1.159936 -0.822079
0.366045 1.153493 -0.782140
0.350338 1.152262 -0.705069
0.340628 1.154462 -0.662391
0.347478 1.157442 -0.618142
0.321593 1.155391 -0.565597
0.333456 1.162810 -0.547533
0.268234 1.140959 -0.458444
0.418153 1.139653 -0.490278
0.396889 1.072388 -0.409354
0.427655 1.124927 -0.397277
0.421997 1.089126 -0.353923
0.432237 1.131133 -0.328095
0.464119 1.147553 -0.298957
0.440254 1.077060 -0.241156
0.469644 1.099736 -0.239709
0.479962 1.107143 -0.226808
0.471278 1.069651 -0.183796
0.505006 1.096363 -0.175972
0.526136 1.091347 -0.157775
0.548560 1.122499 -0.161144
0.542165 1.076538 -0.129838
0.574824 1.114777 -0.137547
0.569103 1.082552 -0.118056
0.599640 1.101397 -0.125339
0.592141 1.067391 -0.104795
0.630059 1.127110 -0.136128
0.616377 1.094721 -0.114293
0.642382 1.108764 -0.125014
0.653817 1.120352 -0.130115
0.654747 1.076188 -0.106005
0.683044 1.088266 -0.110884
0.698470 1.097817 -0.112720
0.674572 1.030500 -0.066377
0.735769 1.105126 -0.107214
0.699409 1.048257 -0.075474
0.760319 1.092056 -0.092152
0.801254 1.097573 -0.100525
0.823302 1.101402 -0.102842
0.844262 1.090710 -0.094788
0.860680 1.083626 -0.086879
0.891856 1.095321 -0.084447
0.874736 1.025526 -0.029327
0.940965 1.067981 -0.056276
0.959333 1.062195 -0.049413
0.966493 1.048439 -0.039849
1.014450 1.072486 -0.060553
1.044074 1.082144 -0.066052
1.056774 1.060691 -0.046116
1.080866 1.071705 -0.053930
1.094918 1.064512 -0.040097
1.118125 1.064455 -0.037851
1.128532 1.055427 -0.030216
1.154676 1.063961 -0.037391
1.178168 1.078921 -0.045675
1.162810 1.045903 -0.024080
1.174721 1.034835 -0.022333
1.232368 1.079155 -0.045991
1.241444 1.064135 -0.052595
1.222959 1.025203 -0.009882
1.275599 1.049362 -0.034854
1.296982 1.053143 -0.036490
1.313217 1.030116 -0.010045
1.345602 1.034594 -0.017422
1.374848 1.050828 -0.036444
1.388262 1.047878 -0.037086
1.424843 1.055484 -0.045850
1.441431 1.043926 -0.023968
1.474764 1.049950 -0.024466
1.508704 1.056761 -0.027130
1.535223 1.057561 -0.025036
1.562322 1.060197 -0.028642
1.561130 1.049936 -0.013800
1.596666 1.053258 -0.024188
1.616341 1.050465 -0.019575
1.638433 1.056370 -0.026712
1.661044 1.061695 -0.027210
1.625478 1.039172 0.014254
1.682515 1.056241 -0.024178
1.679238 1.047057 0.001124
1.712143 1.058494 -0.025334
1.746524 1.059223 -0.028772
1.752172 1.055338 -0.017818
1.778004 1.055837 -0.023923
1.801558 1.055551 -0.020916
1.821459 1.054964 -0.015549
1.854091 1.056458 -0.026159
1.885752 1.057731 -0.034693
1.913347 1.057475 -0.036205
1.929001 1.057938 -0.027676
1.957140 1.059151 -0.032720
1.970931 1.051597 -0.006554
2.013777 1.062266 -0.047444
2.034877 1.048821 0.003222
2.051197 1.048306 0.006995
2.071001 1.048878 0.004448
2.091968 1.047965 0.007469
2.104340 1.047132 0.008548
2.128182 1.046858 0.008088
2.139655 1.046705 0.010743
2.146439 1.046708 0.019688
2.157681 1.049840 0.032298
2.155069 1.052632 0.022120
2.157159 1.055995 0.022056
2.159589 1.059618 0.025453
2.163633 1.067405 0.027966
2.164143 1.070149 0.022530
2.163296 1.078319 0.011302
2.165874 1.083528 0.016383
2.164039 1.086776 0.001753
2.165116 1.093854 0.004970
2.165793 1.096502 0.007665
2.165010 1.104703 -0.007054
2.166244 1.109103 -0.003793
2.165557 1.113296 -0.000552
2.167132 1.119374 0.002890
2.164900 1.125899 -0.003274
2.165108 1.131980 0.002690
2.164989 1.137991 -0.003009
2.164412 1.144995 -0.006400
2.164517 1.150631 -0.010965
2.164780 1.154730 -0.014828
2.162001 1.156746 -0.003638
2.161060 1.158592 0.008588
2.161400 1.160147 0.035889
2.158941 1.164819 0.073572
2.155963 1.168093 0.115311
2.153862 1.171645 0.168962
2.151753 1.173587 0.197572
2.149646 1.176296 0.229775
2.149911 1.181718 0.274164
2.149824 1.184333 0.298991
2.148718 1.188175 0.333331
2.148223 1.193520 0.375838
2.148023 1.195686 0.394546
2.145822 1.199497 0.432180
2.143985 1.202002 0.456310
2.141256 1.205390 0.495153
2.137487 1.208769 0.528077
2.134613 1.211229 0.554334
2.128408 1.214458 0.583575
2.129054 1.216183 0.603490
2.129691 1.217908 0.623405
2.130329 1.219634 0.643320
2.130966 1.221360 0.663235
2.131603 1.223085 0.683151
2.132240 1.224811 0.703066
2.132877 1.226537 0.722981
2.133514 1.228262 0.742896
2.134151 1.229988 0.762812
2.134788 1.231714 0.782727
2.135426 1.233439 0.802642
2.136063 1.235165 0.822557
2.136700 1.236891 0.842472
2.137337 1.238616 0.862388
2.309140 1.301174 1.152285
2.281492 1.290605 1.153035
2.271740 1.289249 1.157754
2.255169 1.284711 1.169797
2.245065 1.284436 1.188398
2.238785 1.284484 1.201327
2.225263 1.281986 1.213773
2.219294 1.286690 1.228281
2.229172 1.290601 1.236435
2.221961 1.285668 1.252671
2.210712 1.285370 1.269522
2.186724 1.266970 1.257183
2.179476 1.265188 1.267208
2.187541 1.275025 1.278983
2.188027 1.274498 1.279172
2.190329 1.276397 1.281481
2.190104 1.276037 1.281210
2.189628 1.275883 1.280783
2.189021 1.275411 1.280165
2.189326 1.275634 1.280468
2.190824 1.275894 1.281809
2.188132 1.275693 1.283200
2.179288 1.270299 1.278501
2.186274 1.273965 1.285216
2.187449 1.275043 1.286450
2.191466 1.277820 1.290421
2.186929 1.275768 1.287180
2.195474 1.280248 1.294329
2.196186 1.282207 1.301139
2.183323 1.272517 1.289411
2.186102 1.274745 1.292222
2.189916 1.277930 1.296095
2.190015 1.278186 1.296249
2.188782 1.277081 1.294986
2.191422 1.278942 1.297559
2.188395 1.276963 1.294625
2.189378 1.277624 1.295588
2.191367 1.278922 1.297513
2.188204 1.277010 1.294484
2.188313 1.277023 1.294575
2.190533 1.278343 1.296690
2.188972 1.277661 1.295264
2.189392 1.277694 1.295609
2.188169 1.277047 1.294463
2.189851 1.277966 1.296046
2.189609 1.277813 1.295804
2.190013 1.278004 1.296182
2.196423 1.281913 1.301516
2.182901 1.272504 1.291822
2.182789 1.272495 1.297937
2.186662 1.277000 1.302907
2.190011 1.280575 1.307381
2.187098 1.278657 1.304502
2.186296 1.277921 1.303634
2.185980 1.277962 1.303390
2.188123 1.279572 1.305508
2.185177 1.278126 1.302834
2.186039 1.278101 1.303431
2.184794 1.277370 1.302254
2.183698 1.276510 1.301137
2.182694 1.276507 1.300409
2.183379 1.277201 1.301133
2.184365 1.276761 1.301749
2.182199 1.276591 1.300017
2.183464 1.277348 1.301229
2.184213 1.277634 1.301903
2.185264 1.277794 1.302724
2.182947 1.276705 1.300542
2.179928 1.275661 1.302968
2.187955 1.282062 1.317203
2.185229 1.280545 1.319732
2.182374 1.278342 1.316874
2.189758 1.284822 1.325998
2.176597 1.275672 1.313074
2.183826 1.278149 1.319996
2.180603 1.276805 1.317045
2.182705 1.278244 1.319115
2.181987 1.278089 1.318485
2.181253 1.277522 1.317745
2.183012 1.279117 1.319569
2.182641 1.278588 1.319125
2.182246 1.278370 1.318757
2.182965 1.279119 1.319518
2.182125 1.278402 1.318668
2.182908 1.278736 1.319367
2.182301 1.278607 1.318851
2.181819 1.278258 1.318378
2.182493 1.278715 1.316637
2.182078 1.282027 1.323322
2.175008 1.274616 1.320703
2.176076 1.275845 1.321551
2.181965 1.280457 1.327501
2.184036 1.281036 1.329252
2.184098 1.280003 1.328962
2.182985 1.280279 1.328215
2.184953 1.281418 1.330075
2.186328 1.281724 1.331195
2.183220 1.280524 1.328443
2.185516 1.282683 1.331477
2.183356 1.280776 1.328724
2.186728 1.283712 1.332774
2.175966 1.275784 1.321372
2.186624 1.281343 1.331259
2.186258 1.282673 1.331399
2.186851 1.282994 1.331963
2.189026 1.283299 1.333694
2.185502 1.282151 1.330632
2.183124 1.278964 1.326095
2.175854 1.276665 1.321959
2.179258 1.278253 1.325794
2.183707 1.281017 1.329879
2.178831 1.278580 1.326256
2.182427 1.280811 1.329182
2.180927 1.279329 1.327535
2.182972 1.281011 1.329611
2.181084 1.279830 1.327776
2.181141 1.279628 1.327762
2.181432 1.279971 1.328196
2.181198 1.280126 1.328569
2.180481 1.278563 1.327017
2.185517 1.283101 1.332258
2.182807 1.281170 1.329584
2.182760 1.281202 1.329560
2.179760 1.279025 1.326553
2.181744 1.280501 1.328553
2.180736 1.279798 1.327546
2.181483 1.280339 1.328284
2.179885 1.278836 1.325105
2.181845 1.281079 1.332877
2.185294 1.282824 1.336050
2.177447 1.278644 1.328708
2.180093 1.278628 1.330770
2.181413 1.279779 1.332134
2.178886 1.279779 1.330187
2.182532 1.280652 1.333262
2.182845 1.281215 1.333652
2.182367 1.280837 1.333179
2.182542 1.280925 1.333341
2.183126 1.281267 1.333914
2.180595 1.280810 1.332616
2.181894 1.281728 1.333874
2.185354 1.283868 1.336355
2.177804 1.278760 1.329876
2.177814 1.278357 1.329668
2.185950 1.284830 1.337104
2.180058 1.279009 1.330803
2.183257 1.281059 1.333878
2.178271 1.276829 1.328336
2.184560 1.283227 1.337935
2.185716 1.284105 1.340845
2.176736 1.279368 1.332751
2.178271 1.280004 1.334018
2.178954 1.279797 1.334553
2.175500 1.279163 1.331696
2.176570 1.279207 1.332574
2.175730 1.279430 1.331957
2.175216 1.278733 1.331355
2.177135 1.279769 1.333161
2.175949 1.279285 1.332095
2.180655 1.280916 1.336238
2.181357 1.281489 1.337659
2.178947 1.279191 1.334261
2.178022 1.280454 1.334232
2.185547 1.282842 1.342056
2.179846 1.280465 1.337273
2.178308 1.279814 1.335895
2.180966 1.281295 1.338444
2.188143 1.284828 1.342923
2.180356 1.281708 1.345086
2.168463 1.273553 1.336679
2.181129 1.285365 1.350867
2.180326 1.282133 1.350183
2.178852 1.282513 1.348891
2.180265 1.283216 1.349426
2.181662 1.284134 1.350741
2.181989 1.283589 1.350750
2.181710 1.284146 1.350725
2.182007 1.284143 1.350973
2.182570 1.285890 1.352178
2.179018 1.283347 1.349169
2.182399 1.283293 1.352186
2.178830 1.282225 1.348085
2.184275 1.286184 1.353616
2.183376 1.285528 1.352705
2.181413 1.284472 1.350799
2.183539 1.285640 1.352852
2.182476 1.284758 1.351747
2.178345 1.279885 1.345930
2.179585 1.282581 1.353843
2.102201 1.271662 1.308812
2.174202 1.280476 1.366919
2.099911 1.272800 1.326130
2.100315 1.274655 1.336234
2.099310 1.277227 1.352961
2.099815 1.278041 1.359494
2.094689 1.277540 1.398634
2.090762 1.278479 1.432579
2.090820 1.281407 1.452708
2.088445 1.283342 1.474277
2.087549 1.285923 1.497922
2.085685 1.286026 1.498161
2.088348 1.287985 1.498796
2.088147 1.288616 1.505302
2.088050 1.288475 1.505356
2.088557 1.288638 1.506353
2.088202 1.287321 1.528084
2.084156 1.282398 1.527349
2.080994 1.281756 1.558865
2.069755 1.286081 1.561225
2.050231 1.296087 1.544653
2.019141 1.315553 1.518019
1.994868 1.331756 1.496841
1.971647 1.349669 1.473868
1.945126 1.373260 1.447517
1.921818 1.394419 1.423715
1.897318 1.422029 1.394408
1.885343 1.433241 1.382283
1.856882 1.466118 1.348423
1.844937 1.484192 1.331391
1.833375 1.499689 1.315326
1.819322 1.519868 1.294583
2.096612 1.265349 1.873064
2.104505 1.266592 1.901930
2.112331 1.262039 1.924096
2.107564 1.257017 1.961758
2.103105 1.249328 1.971666
2.108082 1.241223 1.996947
2.104730 1.242662 2.018501
2.115915 1.233291 2.066317
2.108302 1.228332 2.079502
2.122726 1.218733 2.128986
2.087417 1.205317 2.138527
2.102857 1.205063 2.190803
2.100550 1.208654 2.220941
2.108063 1.207653 2.246142
2.101117 1.202569 2.287104
2.092601 1.194736 2.312766
2.109859 1.197917 2.350755
2.125743 1.207911 2.419639
2.100920 1.191046 2.423319
2.097857 1.196854 2.482113
2.116405 1.202877 2.538106
2.132277 1.214740 2.582735
2.116605 1.201532 2.611532
2.159705 1.220029 2.678602
2.005639 1.199371 2.624385
2.021477 1.211517 2.660323
1.997365 1.187033 2.668226
1.988893 1.209169 2.730199
1.979311 1.211916 2.756900
1.964901 1.205815 2.764297
1.953561 1.220638 2.788254
1.952067 1.232033 2.805839
1.923827 1.214359 2.824068
1.932262 1.240503 2.853006
1.904264 1.230171 2.858306
1.878121 1.217704 2.863927
1.886706 1.254070 2.899204
1.876038 1.256405 2.911514
1.872194 1.274141 2.938003
1.871619 1.287761 2.950298
1.869516 1.294266 2.970543
1.708643 1.192562 2.853229
1.703150 1.182266 2.851605
1.687399 1.204871 2.862914
1.671613 1.191602 2.856335
1.665522 1.202773 2.875186
1.657373 1.208497 2.878740
1.643047 1.209666 2.881443
1.642095 1.219264 2.894045
1.622134 1.220884 2.897298
1.613687 1.214751 2.898476
1.660964 1.269878 2.971956
1.611283 1.238907 2.968106
1.605417 1.237558 2.993769
1.609014 1.249549 3.026618
1.608103 1.239918 3.043659
1.606286 1.256206 3.083149
1.611738 1.257357 3.102916
1.611235 1.254793 3.124167
1.609642 1.261046 3.130834
1.648458 1.254353 -3.131084
1.654193 1.272035 -3.114334
1.648091 1.237831 -3.131582
1.648341 1.243431 -3.129654
1.628468 1.229037 -3.133416
1.612042 1.236858 -3.129665
1.542039 1.278745 -3.081785
1.518833 1.278047 -3.088217
1.480912 1.250084 -3.116746
1.467474 1.254185 -3.118553
1.451993 1.260515 -3.121144
1.417762 1.256866 -3.129326
1.392844 1.263175 -3.129543
1.359131 1.251927 3.140269
1.358751 1.268564 -3.129988
1.325456 1.264653 -3.140298
1.302889 1.255339 3.132607
1.289121 1.270882 3.138387
1.272004 1.266584 3.130444
1.258460 1.271497 3.127416
1.242077 1.271086 3.121254
1.255608 1.295134 -3.136049
1.217410 1.252699 3.098012
1.196543 1.262203 3.119759
1.194246 1.282023 3.130744
1.149925 1.267032 3.111058
1.129925 1.267088 3.109130
1.112135 1.282145 3.119737
1.085365 1.273501 3.106419
1.062525 1.272484 3.106997
1.049540 1.276109 3.110979
1.013839 1.282698 3.118637
0.997690 1.282442 3.121810
0.972663 1.281433 3.122816
0.958851 1.284562 3.128239
0.935051 1.292193 3.137360
0.913193 1.286121 3.129302
0.888507 1.286106 3.127447
0.879782 1.288263 3.132029
0.846552 1.285518 3.132581
0.832496 1.285963 3.134553
0.809863 1.288856 -3.138867
0.798031 1.287064 -3.139375
0.782567 1.284713 3.140029
0.778373 1.286121 -3.135760
0.759709 1.287516 -3.132518
0.740792 1.285541 -3.135928
0.716746 1.282393 -3.139489
0.735700 1.290819 -3.120776
0.683769 1.284674 -3.138358
0.674680 1.284685 -3.131267
0.637450 1.284850 -3.139026
0.633351 1.285713 -3.127310
0.593374 1.285124 -3.140140
0.567508 1.286002 3.134019
0.546247 1.285361 3.131341
0.530096 1.286436 3.127904
0.495341 1.284153 3.118510
0.484345 1.282862 3.117054
0.454118 1.284067 3.110959
0.439771 1.281424 3.106793
0.428847 1.327671 -3.103138
0.420597 1.318733 -3.122783
0.394791 1.324950 -3.108799
0.375081 1.324128 -3.116375
0.352808 1.325963 -3.115179
0.340453 1.324992 -3.119323
0.321266 1.330712 -3.103511
0.319720 1.326008 -3.119839
0.300625 1.328142 -3.116780
0.287663 1.328640 -3.118238
0.265819 1.333439 -3.120964
0.269549 1.332334 -3.118861
0.265365 1.335148 -3.128487
0.259167 1.339940 -3.119322
0.258176 1.342140 -3.123514
0.252574 1.344789 -3.122125
0.247440 1.348127 -3.130386
0.248436 1.348506 -3.135023
0.244252 1.352142 3.138278
0.242010 1.357362 3.103306
0.236636 1.364355 3.068099
0.235438 1.367914 3.053240
0.235500 1.369687 3.033319
0.216164 1.341189 2.873128
0.218009 1.345745 2.857222
0.217818 1.353250 2.821785
0.219120 1.356661 2.796911
0.217580 1.360771 2.776389
0.216942 1.366380 2.734422
0.216343 1.370392 2.702232
0.219524 1.374892 2.663325
0.221473 1.376686 2.632454
0.225014 1.380360 2.591795
0.227987 1.383344 2.553832
0.228428 1.385794 2.524316
0.228888 1.392548 2.461312
0.231033 1.396049 2.443675
0.232792 1.395750 2.422460
0.235163 1.398204 2.396306
0.238331 1.400597 2.361962
0.241050 1.402103 2.331315
0.241893 1.403865 2.313296
0.247060 1.403857 2.293903
0.248587 1.406258 2.273405
0.245907 1.412270 2.236066
0.247208 1.414391 2.215049
0.249137 1.419156 2.182936
0.248633 1.424355 2.148676
0.130139 1.485111 1.946893
0.155292 1.479519 1.943873
0.180754 1.471829 1.934156
0.190055 1.474396 1.920934
0.200106 1.476713 1.894965
0.207649 1.478226 1.884633
0.208291 1.484752 1.855098
0.217553 1.488008 1.831007
0.241052 1.475883 1.833829
0.226810 1.488627 1.807989
0.224202 1.499246 1.780773
0.227553 1.495603 1.778788
0.230233 1.495877 1.779719
0.234280 1.490408 1.778002
0.232351 1.498990 1.751437
0.234448 1.500377 1.742946
0.234564 1.501790 1.736708
0.235443 1.500881 1.737880
0.235285 1.500991 1.737700
0.235506 1.500950 1.737918
0.235124 1.501218 1.737449
0.235224 1.501010 1.737641
0.232228 1.503366 1.733171
0.250876 1.490505 1.735241
0.232977 1.504102 1.695103
0.244577 1.502271 1.671193
0.245548 1.502419 1.647325
0.248980 1.501220 1.629390
0.258755 1.512099 1.617468
0.267463 1.504503 1.608818
0.280130 1.501681 1.588406
0.291405 1.493691 1.573314
0.296093 1.490058 1.564535
0.301119 1.489736 1.548150
0.306989 1.487208 1.532408
0.313071 1.489323 1.507445
0.319684 1.477000 1.492837
0.321662 1.491411 1.469292
0.324187 1.509402 1.427211
0.336292 1.494423 1.408360
0.341422 1.488825 1.398485
0.347945 1.484359 1.383869
0.353679 1.477770 1.364000
0.354294 1.470714 1.353117
0.364335 1.471239 1.341418
0.361835 1.476067 1.314934
0.372535 1.467558 1.277608
0.377952 1.461889 1.241692
0.384669 1.459222 1.211147
0.390464 1.453981 1.176901
0.396145 1.450135 1.146489
0.401096 1.448805 1.119462
0.404660 1.446121 1.094255
0.352461 1.308301 1.111808
0.406719 1.213093 1.145999
0.388921 1.289160 1.078782
0.382696 1.361443 1.012476
0.388928 1.343208 0.990707
0.348716 1.526401 0.850018
0.360167 1.540741 0.795174
0.387954 1.482215 0.799597
0.405663 1.459864 0.777261
0.474442 1.800738 0.561349
0.452800 1.683694 0.583428
0.455430 1.665752 0.585507
0.414548 1.526260 0.632291
0.433602 1.543744 0.596450
0.452104 1.557636 0.545523
0.468346 1.524268 0.534898
0.442476 1.424569 0.565164
0.479526 1.515371 0.477076
0.610884 1.693932 0.340363
0.556958 1.598234 0.357421
0.557303 1.571185 0.345981
0.563062 1.552305 0.330680
0.580160 1.558075 0.284985
0.566465 1.503870 0.264629
0.557115 1.482741 0.251803
0.579694 1.471721 0.209811
0.592040 1.480843 0.182627
0.560795 1.439351 0.175409
0.600100 1.452975 0.143332
0.584888 1.438646 0.130111
0.593463 1.434809 0.106430
0.600202 1.434566 0.089567
0.608413 1.432328 0.077336
0.621011 1.442554 0.060220
0.621840 1.430152 0.065939
0.635234 1.439977 0.055958
0.630746 1.422022 0.064796
0.656524 1.440400 0.050782
0.652021 1.427490 0.051194
0.699810 1.462902 0.026169
0.690988 1.426072 0.037556
0.730917 1.442664 0.029331
0.736878 1.440953 0.035865
0.757517 1.429328 0.048145
0.805333 1.441731 0.036592
0.807192 1.425628 0.049092
0.853377 1.440883 0.040719
0.902317 1.452316 0.031153
0.915255 1.452637 0.035899
0.932409 1.451457 0.041835
0.953234 1.451099 0.046070
0.970799 1.451071 0.051708
0.984903 1.449021 0.055599
1.040416 1.468008 0.040970
1.060527 1.467098 0.041050
1.056742 1.459683 0.050366
1.102457 1.470027 0.039385
1.113667 1.469852 0.044538
1.080492 1.452320 0.072124
1.106350 1.461140 0.064154
1.137363 1.472841 0.053850
1.163580 1.474598 0.049880
1.186421 1.477290 0.041669
1.186293 1.476200 0.043376
1.205085 1.475576 0.036366
1.191887 1.464261 0.064870
1.256189 1.482722 0.032914
1.289600 1.483944 0.025762
1.316888 1.487583 0.019164
1.337865 1.486085 0.023194
1.372054 1.487542 0.010506
1.375193 1.483615 0.019403
1.410989 1.486204 0.012181
1.434926 1.490264 0.008483
1.454020 1.491327 0.008330
1.476881 1.491714 0.002389
1.490203 1.495139 0.003809
1.534885 1.497531 -0.004226
1.535401 1.497544 -0.000486
1.559906 1.497060 -0.007108
1.596318 1.498946 -0.014410
1.610263 1.501427 -0.014633
1.627944 1.503559 -0.016189
1.653591 1.504896 -0.024645
1.633023 1.508950 -0.008887
1.663813 1.506172 -0.026390
1.660782 1.524382 -0.018114
1.707137 1.510341 -0.041221
1.688688 1.471195 0.019402
1.723229 1.479028 0.001925
1.752539 1.474181 0.006778
1.772786 1.476289 0.002268
1.793736 1.473599 0.012058
1.831319 1.479143 0.001267
1.856715 1.484665 -0.008420
1.874389 1.479617 0.006635
1.891135 1.479854 0.011568
1.919659 1.480136 0.020627
1.941503 1.478813 0.031583
1.968777 1.480972 0.026849
2.004291 1.484493 0.016289
2.023076 1.486637 0.010773
2.043316 1.487923 0.012878
2.068079 1.491026 0.014535
2.084455 1.491567 0.010102
2.109079 1.493504 -0.003407
2.140872 1.501517 -0.057213
2.141894 1.508402 -0.055418
2.142956 1.515179 -0.053759
2.143373 1.519701 -0.014018
2.143581 1.521961 0.005853
2.143790 1.524222 0.025724
2.143998 1.526482 0.045594
2.144207 1.528743 0.065465
2.144415 1.531004 0.085336
2.144624 1.533264 0.105207
2.144832 1.535525 0.125077
2.145040 1.537786 0.144948
2.145249 1.540046 0.164819
2.145457 1.542307 0.184690
2.145666 1.544568 0.204560
2.145874 1.546828 0.224431
2.146083 1.549089 0.244302
2.179392 1.511008 0.134266
2.179096 1.513637 0.154090
2.178829 1.516245 0.173918
2.178562 1.518854 0.193745
2.178294 1.521462 0.213573
2.178027 1.524070 0.233400
2.177760 1.526678 0.253227
2.177493 1.529287 0.273055
2.177225 1.531895 0.292882
2.176958 1.534503 0.312710
2.176691 1.537111 0.332537
2.176424 1.539719 0.352364
2.176156 1.542328 0.372192
2.175889 1.544936 0.392019
2.190930 1.530413 0.312430
2.190429 1.533087 0.332244
2.189943 1.535757 0.352059
2.189456 1.538428 0.371874
2.188969 1.541098 0.391689
2.188482 1.543768 0.411504
2.187995 1.546439 0.431319
2.187508 1.549109 0.451134
2.187022 1.551779 0.470949
2.187627 1.550524 0.481131
2.187123 1.553245 0.500939
2.186621 1.555962 0.520747
2.186915 1.559163 0.554336
2.187227 1.561074 0.568007
2.186689 1.563817 0.587811
2.183796 1.566519 0.614594
2.184584 1.571583 0.657540
2.182843 1.574147 0.682473
2.182420 1.576398 0.701858
2.181297 1.581047 0.735855
2.180916 1.582534 0.750312
2.180411 1.585369 0.770103
2.179907 1.588202 0.789895
2.180174 1.584852 0.764693
2.179679 1.587679 0.784486
2.180754 1.585549 0.772027
2.180238 1.588385 0.791818
2.182271 1.589189 0.799341
2.182493 1.593114 0.815685
2.182532 1.594805 0.826687
2.181932 1.597603 0.846481
2.184228 1.600164 0.871759
2.184206 1.601786 0.884232
2.183507 1.604617 0.904019
2.184103 1.607723 0.909614
2.185590 1.610792 0.921240
2.186813 1.613835 0.939808
2.185980 1.616502 0.959341
2.187946 1.621949 0.969751
2.187050 1.624448 0.989008
2.186174 1.626916 1.007961
2.185311 1.629347 1.026627
2.184460 1.631739 1.045005
2.189422 1.636485 1.042472
2.188410 1.638725 1.060945
2.188621 1.641098 1.075746
2.187614 1.643264 1.093689
2.186626 1.645394 1.111325
2.185654 1.647488 1.128663
2.184699 1.649545 1.145702
2.183760 1.651566 1.162443
2.182837 1.653550 1.178886
2.187868 1.652840 1.152761
2.186785 1.654838 1.169985
2.185733 1.656794 1.186807
2.184699 1.658713 1.203317
2.286085 1.707071 1.342820
2.279036 1.703931 1.347322
2.269676 1.702073 1.360213
2.266448 1.705785 1.372960
2.262405 1.703837 1.379460
2.257991 1.706654 1.394478
2.254824 1.703689 1.400318
2.253594 1.705405 1.408419
2.251687 1.704265 1.409463
2.252914 1.706248 1.410599
2.252907 1.705464 1.406340
2.252574 1.704896 1.405422
2.252604 1.705102 1.405526
2.252892 1.705407 1.405995
2.252567 1.705110 1.405438
2.252527 1.705118 1.405384
2.245524 1.695266 1.408282
2.242483 1.691980 1.419066
2.243209 1.702739 1.443585
2.234608 1.696073 1.464541
2.232501 1.698863 1.485061
2.226713 1.695240 1.511700
2.218348 1.695745 1.555748
2.210560 1.690276 1.579941
2.203284 1.688580 1.606348
2.196291 1.685015 1.640009
2.193764 1.686478 1.655643
2.189284 1.683229 1.678256
2.186809 1.683597 1.696528
2.183015 1.679313 1.734728
2.172434 1.675913 1.746614
2.174635 1.676859 1.778725
2.170060 1.677202 1.809501
2.162743 1.672101 1.818405
2.160957 1.672641 1.859863
2.156633 1.670264 1.872814
2.154454 1.669862 1.894589
2.154902 1.668070 1.912965
2.150716 1.666304 1.942507
2.145599 1.664579 1.975554
2.145894 1.664388 2.002151
2.140525 1.661398 2.048819
2.136931 1.657976 2.086430
2.130435 1.654007 2.120445
2.125188 1.648106 2.152590
2.123064 1.646127 2.175155
2.116259 1.642628 2.219128
2.110184 1.635462 2.246393
2.111848 1.637288 2.279523
2.106302 1.633355 2.301439
2.103032 1.627543 2.328435
2.096684 1.625652 2.357781
2.104308 1.627453 2.395901
2.100871 1.622557 2.430046
2.095799 1.620799 2.499079
2.098616 1.624246 2.539245
2.073724 1.614597 2.560393
2.096139 1.633215 2.598221
2.090259 1.626024 2.648545
2.080986 1.619661 2.666840
2.108651 1.634817 2.758345
2.211268 1.684571 2.921719
2.007024 1.621343 2.767619
1.987856 1.612068 2.810863
1.977110 1.621891 2.827827
1.966865 1.622944 2.847216
1.948621 1.625125 2.860789
1.939699 1.638072 2.882654
1.916280 1.633058 2.895993
1.904342 1.641555 2.909934
1.882377 1.646397 2.930590
1.864772 1.629668 2.921068
1.847526 1.648409 2.940111
1.826418 1.644790 2.948495
1.819721 1.663876 2.968008
1.804136 1.664849 2.974389
1.794461 1.667967 2.988955
1.794548 1.673274 3.003269
1.776768 1.670205 3.002022
1.765414 1.675086 3.010258
1.755580 1.682193 3.020524
1.746954 1.685315 3.029258
1.741123 1.690096 3.035230
1.731595 1.694391 3.045696
1.728827 1.698638 3.053956
1.762317 1.732200 3.114299
1.631837 1.618094 2.950187
1.622609 1.603248 2.945562
1.603341 1.616464 2.946161
1.593114 1.596278 2.935422
1.553940 1.628379 2.955452
1.536608 1.643566 2.963243
1.512779 1.637929 2.960061
1.483882 1.648916 2.961758
1.462442 1.649853 2.960405
1.438550 1.648522 2.958074
1.423176 1.654068 2.959536
1.394065 1.660129 2.964189
1.375461 1.671679 2.974611
1.353202 1.678225 2.986018
1.336426 1.680702 2.989922
1.325390 1.676280 2.988738
1.302801 1.689044 2.996231
1.294128 1.694839 3.004075
1.279424 1.688412 2.998039
1.271391 1.698214 3.006539
1.262864 1.695950 3.014008
1.257328 1.709808 3.019214
1.248355 1.704936 3.017785
1.237547 1.708030 3.023618
1.225157 1.703509 3.018356
1.210768 1.699464 3.019366
1.199626 1.723277 3.042630
1.188483 1.708129 3.039739
1.166408 1.719230 3.050625
1.144376 1.720945 3.049559
1.127857 1.746908 3.065669
1.113749 1.731379 3.054449
1.063864 1.710806 3.050803
1.056439 1.747464 3.085923
1.013634 1.714265 3.063000
0.986685 1.716911 3.065606
0.955856 1.738092 3.087269
0.925228 1.737833 3.082001
0.899447 1.735640 3.079644
0.870875 1.755313 3.104834
0.849644 1.760832 3.113727
0.816529 1.744125 3.100486
0.807547 1.757288 3.117668
0.789498 1.764579 3.129565
0.776517 1.760727 3.126242
0.772636 1.762552 3.130562
0.750614 1.748852 3.107515
0.735726 1.746226 3.097445
0.722153 1.752260 3.119787
0.713053 1.751095 3.101183
0.697960 1.755961 3.102478
0.682821 1.763840 3.114431
0.655454 1.762039 3.108904
0.626599 1.762142 3.107923
0.602669 1.767274 3.110726
0.579300 1.772898 3.120744
0.545594 1.769721 3.115425
0.521384 1.768224 3.117355
0.506366 1.770647 3.124918
0.477115 1.777436 -3.136633
0.458027 1.771397 3.138573
0.436059 1.773103 -3.133406
0.418734 1.770105 -3.139721
0.398318 1.770725 -3.136226
0.387441 1.774224 -3.124522
0.367176 1.775357 -3.123109
0.347421 1.774312 -3.126689
0.329558 1.774504 -3.124151
0.317539 1.772694 -3.128903
0.304813 1.772847 -3.128294
0.301960 1.773058 -3.122639
0.278833 1.771877 -3.126315
0.268894 1.775291 -3.127941
0.257992 1.774325 -3.137464
0.259874 1.778029 3.134292
0.257656 1.776563 3.125748
0.257387 1.780809 3.102950
0.255439 1.783366 3.070244
0.256038 1.788414 3.031274
0.256415 1.791390 3.002807
0.257243 1.795196 2.968451
0.257288 1.799329 2.939843
0.254815 1.804612 2.876499
0.255106 1.807761 2.841753
0.254943 1.813983 2.818419
0.255272 1.819980 2.751039
0.256163 1.825332 2.714737
0.255257 1.834594 2.687446
0.258792 1.846680 2.682437
0.258450 1.847624 2.662463
0.258112 1.848583 2.642488
0.257775 1.849541 2.622514
0.257437 1.850499 2.602540
0.257100 1.851458 2.582566
0.256762 1.852416 2.562592
0.256424 1.853374 2.542618
0.256087 1.854333 2.522643
0.255749 1.855291 2.502669
0.255412 1.856249 2.482695
0.255074 1.857207 2.462721
0.254737 1.858166 2.442747
0.254399 1.859124 2.422772
0.254061 1.860082 2.402798
0.253724 1.861041 2.382824
0.253386 1.861999 2.362850
0.253049 1.862957 2.342876
0.252711 1.863916 2.322902
0.252373 1.864874 2.302927
0.252036 1.865832 2.282953
0.251698 1.866791 2.262979
0.251361 1.867749 2.243005
0.251023 1.868707 2.223031
0.250688 1.869660 2.203178
0.250357 1.870599 2.183603
0.250031 1.871525 2.164310
0.249709 1.872437 2.145297
0.249393 1.873335 2.126568
0.249081 1.874220 2.108121
0.248774 1.875092 2.089959
0.248472 1.875949 2.072082
0.248175 1.876793 2.054490
0.240652 1.953836 1.712139
0.244467 1.954120 1.703545
0.246707 1.954883 1.696712
0.248646 1.955906 1.687516
0.251527 1.956234 1.671750
0.253983 1.960388 1.653056
0.256928 1.962350 1.636281
0.257827 1.963203 1.622996
0.260428 1.965956 1.597337
0.261708 1.967925 1.585870
0.263311 1.970826 1.561176
0.267293 1.973641 1.552978
0.271230 1.971114 1.533185
0.274676 1.969962 1.519020
0.278806 1.969399 1.490830
0.286043 1.968690 1.460523
0.288515 1.968075 1.443722
0.292592 1.970692 1.413057
0.295804 1.966893 1.402429
0.302749 1.969680 1.359262
0.305488 1.966340 1.344779
0.308531 1.964892 1.330517
0.309870 1.964373 1.333499
0.320772 1.956638 1.307974
0.323022 1.948228 1.293611
0.331847 1.946836 1.267087
0.335337 1.945618 1.250784
0.344678 1.942138 1.213411
0.349563 1.940792 1.188636
0.354478 1.938522 1.160107
0.363250 1.939971 1.135467
0.358134 1.934048 1.126160
0.368616 1.935732 1.085636
0.367783 1.928255 1.073086
0.376884 1.931205 1.049625
0.380988 1.932209 1.034299
0.388276 1.931836 0.994329
0.391091 1.930562 0.974970
0.392511 1.923094 0.949941
0.396702 1.923600 0.927848
0.402235 1.923645 0.901048
0.404165 1.918901 0.876482
0.434358 2.371393 0.596426
0.418208 2.289827 0.617321
0.396822 2.140472 0.650009
0.385274 2.061327 0.667356
0.382856 1.972139 0.680548
0.401751 2.032406 0.613289
0.394608 1.915043 0.642573
0.411535 1.967207 0.580188
0.422458 1.963922 0.555217
0.405292 1.931107 0.548892
0.518567 2.128786 0.418924
0.515186 2.077491 0.421078
0.449875 1.991984 0.455175
0.502794 2.006065 0.407183
0.463089 1.944836 0.415862
0.511988 1.956452 0.364396
0.519326 1.959019 0.314272
0.506342 1.916756 0.304292
0.562132 1.957436 0.223381
0.588590 1.954858 0.195597
0.561206 1.913491 0.203027
0.580267 1.916343 0.192963
0.560488 1.886286 0.168578
0.591351 1.889658 0.140749
0.539747 1.855771 0.142313
0.593781 1.864522 0.098028
0.599873 1.858350 0.081666
0.608353 1.851170 0.068446
0.587314 1.835862 0.058954
0.597268 1.832932 0.047205
0.617899 1.838485 0.037743
0.629651 1.836993 0.027978
0.628561 1.830189 0.027858
0.681582 1.851404 0.013573
0.662343 1.832273 0.001446
0.687736 1.829264 0.006773
0.713693 1.834255 0.004193
0.746147 1.837933 0.002719
0.765873 1.838894 0.004374
0.795622 1.841869 0.005003
0.814041 1.838274 0.005351
0.857221 1.843503 -0.000932
0.861897 1.833986 0.008959
0.888762 1.839717 0.007203
0.919622 1.844958 0.003297
0.941925 1.846059 0.019341
0.951799 1.847687 0.026861
1.025786 1.855122 0.013362
1.065620 1.861437 0.006302
1.077902 1.860549 0.010422
1.068022 1.863656 0.025368
1.085554 1.868915 0.028220
1.132936 1.881274 0.020542
1.169650 1.871967 0.007249
1.184593 1.877487 0.009166
1.197555 1.880186 0.011457
1.219470 1.880433 0.005592
1.231521 1.881583 0.004399
1.233271 1.885729 -0.000399
1.279845 1.880728 -0.011382
1.295657 1.883966 -0.016768
1.310639 1.890461 -0.015216
1.361980 1.893621 -0.023212
1.390865 1.903316 -0.025615
1.376169 1.850919 0.022543
1.425010 1.859134 0.011921
1.432443 1.854118 0.017574
1.465755 1.860657 0.012600
1.472383 1.853268 0.029889
1.502121 1.860218 0.018521
1.522122 1.859785 0.024452
1.546127 1.859763 0.031888
1.564615 1.862109 0.026966
1.590807 1.862269 0.019335
1.614561 1.862856 0.014859
1.630105 1.865970 0.007610
1.651177 1.866632 0.007956
1.666523 1.868895 0.008207
1.667156 1.866493 0.012073
1.709492 1.873764 -0.001973
1.718620 1.870370 -0.010390
1.707599 1.870757 0.012245
1.763301 1.873710 -0.003700
1.793848 1.874495 -0.009279
1.815956 1.878271 -0.016185
1.839464 1.873945 0.009736
1.856225 1.872372 0.016094
1.878815 1.869327 0.031055
1.904704 1.871127 0.039049
1.937596 1.872224 0.044993
1.956114 1.877269 0.040388
1.979916 1.875986 0.044818
2.002729 1.877715 0.043931
2.025481 1.880261 0.042395
2.039146 1.879530 0.050031
2.066539 1.880773 0.050436
2.087017 1.882061 0.050621
2.108630 1.885124 0.045119
2.128207 1.885920 0.045978
2.143760 1.886569 0.051082
2.147213 1.886427 0.061241
2.154131 1.889432 0.059995
2.153177 1.890269 0.057596
2.156960 1.891994 0.046829
2.160129 1.894849 0.032294
2.165724 1.898027 0.022928
2.167477 1.900411 0.013294
2.170218 1.903605 -0.008789
2.171243 1.904233 -0.024507
2.171212 1.905109 -0.044809
2.171982 1.905897 -0.062768
2.171638 1.907759 -0.093109
2.171396 1.907884 -0.104048
2.174448 1.909978 -0.122449
2.174889 1.912135 -0.152554
2.177391 1.912439 -0.161272
2.179781 1.915186 -0.191478
2.179824 1.915943 -0.187217
2.180810 1.916268 -0.189743
2.180634 1.917555 -0.168733
2.179327 1.918219 -0.154639
2.178719 1.919277 -0.142691
2.181686 1.922089 -0.125791
2.181293 1.923709 -0.107611
2.181432 1.926679 -0.089340
2.177004 1.930679 -0.048315
2.173251 1.935111 -0.013178
2.172559 1.938133 0.007171
2.170249 1.940305 0.036248
2.167519 1.945232 0.067203
2.164945 1.947730 0.085429
2.161748 1.951369 0.108917
2.159595 1.956220 0.132297
2.165276 1.973397 0.092819
2.165200 1.975086 0.112747
2.165129 1.976793 0.132674
2.165058 1.978501 0.152601
2.164987 1.980208 0.172528
2.164916 1.981915 0.192455
2.164845 1.983622 0.212382
2.164774 1.985329 0.232309
2.164703 1.987036 0.252236
2.164632 1.988744 0.272162
2.164561 1.990451 0.292089
2.164490 1.992158 0.312016
2.164419 1.993865 0.331943
2.164348 1.995572 0.351870
2.164276 1.997280 0.371797
2.164205 1.998987 0.391724
2.164134 2.000694 0.411651
2.164063 2.002401 0.431578
2.163992 2.004108 0.451504
2.163921 2.005815 0.471431
2.163850 2.007523 0.491358
2.163779 2.009230 0.511285
2.163708 2.010937 0.531212
2.163637 2.012644 0.551139
2.163566 2.014351 0.571066
2.163495 2.016058 0.590993
2.163424 2.017766 0.610919
2.163353 2.019473 0.630846
2.163281 2.021180 0.650773
2.163210 2.022887 0.670700
2.163139 2.024594 0.690627
2.163068 2.026301 0.710554
2.162997 2.028009 0.730481
2.162926 2.029716 0.750408
2.162855 2.031423 0.770334
2.162784 2.033130 0.790261
2.162713 2.034837 0.810188
2.162642 2.036544 0.830115
2.162571 2.038252 0.850042
2.162500 2.039959 0.869969
2.162429 2.041666 0.889896
2.162357 2.043373 0.909823
2.162286 2.045080 0.929749
2.162217 2.046752 0.949262
2.162148 2.048400 0.968500
2.162081 2.050025 0.987463
2.162014 2.051626 1.006149
2.161948 2.053203 1.024557
2.161884 2.054756 1.042687
2.161820 2.056285 1.060538
2.161757 2.057791 1.078109
2.161696 2.059272 1.095399
2.161635 2.060729 1.112409
2.161575 2.062162 1.129139
2.161517 2.063572 1.145588
2.161459 2.064957 1.161757
2.161402 2.066318 1.177646
2.161347 2.067655 1.193255
2.161292 2.068969 1.208585
2.161238 2.070258 1.223637
2.161186 2.071524 1.238412
2.161134 2.072766 1.252910
2.161083 2.073985 1.267133
2.161033 2.075180 1.281081
2.160985 2.076351 1.294756
2.160937 2.077499 1.308160
2.160890 2.078625 1.321293
2.160844 2.079727 1.334158
2.160799 2.080806 1.346756
2.160755 2.081863 1.359088
2.160712 2.082896 1.371157
2.160670 2.083908 1.382963
2.150124 2.084261 1.421547
2.144852 2.084438 1.440838
2.139579 2.084614 1.460130
2.134306 2.084791 1.479422
2.129033 2.084967 1.498713
2.123760 2.085144 1.518005
2.118488 2.085320 1.537296
2.113215 2.085497 1.556588
2.107942 2.085673 1.575880
2.102669 2.085850 1.595171
2.097396 2.086026 1.614463
2.113578 2.056418 1.514366
2.096890 2.042849 1.481743
2.094074 2.041826 1.486861
2.089042 2.040464 1.499760
2.087254 2.039306 1.504339
2.086204 2.038188 1.504768
2.086629 2.040002 1.507553
2.085752 2.039242 1.509491
2.085341 2.038780 1.509735
2.085381 2.038777 1.509762
2.085351 2.038861 1.509766
2.085345 2.038837 1.509704
2.085301 2.038726 1.509467
2.085314 2.038759 1.509522
2.085323 2.038805 1.509590
2.085361 2.038841 1.509714
2.085338 2.038807 1.509681
2.085155 2.039028 1.510389
2.085108 2.038321 1.509580
2.084053 2.040098 1.518769
2.081555 2.037108 1.522772
2.077506 2.039229 1.542789
2.076269 2.037213 1.545523
2.073595 2.033608 1.547646
2.072283 2.033185 1.554076
2.070571 2.036413 1.568361
2.069560 2.037402 1.580508
2.067739 2.034093 1.578235
2.063832 2.034872 1.599778
2.061525 2.035529 1.618637
2.060104 2.035196 1.630790
2.056729 2.033144 1.642970
2.054750 2.033495 1.655699
2.052772 2.032117 1.668411
2.050252 2.030197 1.683516
2.046377 2.029140 1.706733
2.044041 2.027112 1.715088
2.040444 2.025639 1.734981
2.038204 2.025104 1.748236
2.036980 2.022106 1.758786
2.033622 2.023030 1.784247
2.030881 2.020792 1.794825
2.027848 2.023199 1.824503
2.025444 2.020637 1.842812
2.022167 2.018891 1.862685
2.019118 2.018182 1.878231
2.017319 2.016700 1.892233
2.014098 2.012727 1.903288
2.013659 2.014558 1.920927
2.009802 2.015387 1.945149
2.009773 2.015727 1.951085
2.009636 2.015654 1.961582
2.007129 2.015478 1.971553
2.004130 2.018382 1.997785
2.001716 2.018931 2.009156
1.999743 2.021127 2.034140
1.996637 2.021295 2.058197
1.993655 2.023063 2.084030
1.989385 2.024338 2.110827
1.988292 2.022010 2.114889
1.983882 2.023317 2.175678
1.977164 2.022080 2.209059
1.975340 2.022279 2.235708
1.970180 2.020617 2.270130
1.964205 2.018232 2.329330
1.959812 2.017570 2.364900
1.955189 2.014751 2.395140
1.953281 2.014348 2.457388
1.948591 2.011225 2.485034
1.944900 2.008629 2.555342
1.946789 2.010539 2.593127
1.940627 2.006984 2.615426
1.991368 2.028533 2.778811
1.902285 2.016842 2.650673
1.894714 2.016574 2.687322
1.888137 2.015654 2.725918
1.882259 2.013606 2.751461
1.865792 2.017965 2.775721
1.860971 2.016407 2.788182
1.857031 2.017309 2.802534
1.846831 2.021059 2.808724
1.835625 2.023267 2.819689
1.816687 2.029920 2.830188
1.807532 2.032983 2.832237
1.791699 2.038167 2.840857
1.784406 2.037597 2.841746
1.771765 2.045986 2.851602
1.754917 2.050148 2.856012
1.749118 2.051445 2.859820
1.736209 2.056454 2.867100
1.729786 2.057563 2.869150
1.713903 2.063347 2.878726
1.707745 2.065068 2.881479
1.696645 2.067825 2.888292
1.684034 2.070989 2.895956
1.676988 2.073310 2.900336
1.669262 2.075564 2.911389
1.663180 2.076051 2.913112
1.653939 2.076223 2.921459
1.653003 2.077510 2.921810
1.645994 2.079980 2.932906
1.643352 2.077921 2.932121
1.638484 2.080945 2.969206
1.632649 2.080687 2.987568
1.630684 2.082639 3.003860
1.628561 2.082392 3.030798
1.627238 2.082583 3.040848
1.626112 2.082348 3.054987
1.624257 2.082367 3.078887
1.622701 2.082030 3.085633
1.621591 2.082478 3.091190
1.621149 2.084052 3.093104
1.617411 2.076210 3.089707
1.604850 2.084962 3.099105
1.593311 2.080946 3.097168
1.573300 2.086007 3.103386
1.559209 2.088289 3.107233
1.534091 2.091009 3.113100
1.520559 2.093833 3.118257
1.506854 2.099735 3.135023
1.466393 2.047656 3.048509
1.451814 2.047777 3.049978
1.424656 2.051317 3.043814
1.407922 2.054961 3.041835
1.382550 2.057028 3.037580
1.364072 2.062586 3.036681
1.343438 2.065397 3.034769
1.331610 2.065339 3.035366
1.303541 2.071859 3.035552
1.283328 2.074600 3.034185
1.273717 2.074688 3.034454
1.247944 2.078833 3.034217
1.239329 2.085433 3.044884
1.228815 2.085149 3.046878
1.214209 2.081391 3.049401
1.199395 2.085101 3.052044
1.183367 2.088266 3.060749
1.177943 2.081708 3.062272
1.140538 2.089642 3.079787
1.121471 2.091724 3.083164
1.102566 2.097373 3.092557
1.071649 2.093759 3.088910
1.055210 2.095069 3.093949
1.031408 2.098533 3.100923
1.012658 2.102711 3.104562
0.991210 2.102351 3.105637
0.960083 2.103101 3.113211
0.945660 2.102696 3.113369
0.922553 2.103470 3.116799
0.902090 2.110637 3.128509
0.876744 2.098221 3.081819
0.873711 2.101146 -3.137096
0.825863 2.124293 -3.104956
0.831437 2.103620 -3.134836
0.812118 2.104847 -3.134136
0.780370 2.124638 -3.104646
0.772166 2.121186 -3.107583
0.770654 2.112876 -3.110692
0.745205 2.120801 -3.100127
0.726506 2.126275 -3.093663
0.711753 2.117751 -3.098744
0.710779 2.117822 -3.109398
0.687453 2.122072 -3.105021
0.662190 2.123948 -3.109901
0.631009 2.123965 -3.109621
0.609572 2.122801 -3.113981
0.592231 2.123518 -3.114503
0.553074 2.128952 -3.113372
0.540129 2.126404 -3.124950
0.507350 2.133462 -3.118607
0.508825 2.126344 3.136145
0.466624 2.132468 3.139828
0.449854 2.135118 3.141069
0.428306 2.138188 -3.131780
