0.240000 0.300000 0.000000
0.720000 0.300000 0.000000
1.200000 0.300000 0.000000
1.680000 0.300000 0.000000
2.160000 0.300000 0.000000
2.160000 0.500000 0.000000
2.160000 0.500000 -1.570796
1.680000 0.500000 3.141593
1.200000 0.500000 3.141593
0.720000 0.500000 3.141593
0.240000 0.500000 3.141593
0.240000 0.700000 3.141593
0.240000 0.700000 -1.570796
0.720000 0.700000 0.000000
1.200000 0.700000 0.000000
1.680000 0.700000 0.000000
2.160000 0.700000 0.000000
2.160000 0.900000 0.000000
2.160000 0.900000 -1.570796
1.680000 0.900000 3.141593
1.200000 0.900000 3.141593
0.720000 0.900000 3.141593
0.240000 0.900000 3.141593
0.240000 1.100000 3.141593
0.240000 1.100000 -1.570796
0.720000 1.100000 0.000000
1.200000 1.100000 0.000000
1.680000 1.100000 0.000000
2.160000 1.100000 0.000000
2.160000 1.300000 0.000000
2.160000 1.300000 1.570796
1.680000 1.300000 3.141593
1.200000 1.300000 3.141593
0.720000 1.300000 3.141593
0.240000 1.300000 3.141593
0.240000 1.500000 3.141593
0.240000 1.500000 1.570796
0.720000 1.500000 0.000000
1.200000 1.500000 0.000000
1.680000 1.500000 0.000000
2.160000 1.500000 0.000000
2.160000 1.700000 0.000000
2.160000 1.700000 1.570796
1.680000 1.700000 3.141593
1.200000 1.700000 3.141593
0.720000 1.700000 3.141593
0.240000 1.700000 3.141593
0.240000 1.900000 3.141593
0.240000 1.900000 1.570796
0.720000 1.900000 0.000000
1.200000 1.900000 0.000000
1.680000 1.900000 0.000000
2.160000 1.900000 0.000000
2.160000 2.100000 0.000000
2.160000 2.100000 1.570796
1.680000 2.100000 3.141593
1.200000 2.100000 3.141593
0.720000 2.100000 3.141593
0.240000 2.100000 3.141593
