0.014688 -0.000199 0.013573
0.017500 -0.004041 0.017364
0.017636 -0.006662 0.019352
0.018851 -0.007670 0.019971
0.018698 -0.008447 0.020548
0.018540 -0.008619 0.020736
0.019070 -0.008686 0.020694
0.018101 -0.008668 0.020882
0.018347 -0.009157 0.020051
0.019968 -0.003663 0.033827
0.029803 0.014822 0.046911
0.090850 0.028667 0.059013
0.114397 0.032064 0.072206
0.128965 -0.008102 0.110636
0.203570 0.033617 0.116660
0.237724 0.018563 0.148116
0.267398 0.018107 0.166212
0.323336 0.021771 0.182303
0.346475 0.012628 0.200674
0.380650 0.020743 0.218389
0.418564 0.024298 0.240347
0.438707 0.032898 0.259903
0.461503 0.023094 0.278171
0.496677 0.036215 0.303522
0.544685 0.048021 0.316067
0.548750 0.044570 0.336470
0.602542 0.071303 0.355071
0.583567 0.038939 0.382877
0.650243 0.065356 0.400792
0.694726 0.087630 0.421052
0.695278 0.067011 0.433867
0.752256 0.104210 0.448329
0.785856 0.127176 0.466721
0.807132 0.125517 0.486224
0.849999 0.132608 0.504194
0.876500 0.146530 0.513911
0.894962 0.137601 0.529135
0.938268 0.161899 0.530489
0.983489 0.173271 0.540504
1.007046 0.177242 0.545691
1.037478 0.190497 0.557826
1.040949 0.171473 0.577873
1.090207 0.197630 0.580887
1.100096 0.196959 0.595327
1.115510 0.213596 0.624373
1.121845 0.199915 0.682565
1.161490 0.220786 0.722604
1.191394 0.228816 0.750568
1.207846 0.230921 0.792442
1.227046 0.239661 0.827056
1.229227 0.234085 0.856954
1.254883 0.249217 0.897017
1.283977 0.253993 0.908737
1.304987 0.249951 0.913120
1.324802 0.247118 0.913726
1.343105 0.247057 0.907750
1.351333 0.246460 0.938481
1.361038 0.248210 0.974486
1.375532 0.249830 1.006925
1.395088 0.238490 1.035587
1.410225 0.225894 1.065373
1.424478 0.219948 1.091961
1.441998 0.207665 1.117343
1.459818 0.203612 1.145820
1.475037 0.194490 1.170353
1.494142 0.182129 1.211448
1.504179 0.192273 1.235351
1.528697 0.174176 1.267813
1.540422 0.156305 1.301614
1.549801 0.159720 1.312236
1.559686 0.157623 1.329506
1.572198 0.154346 1.358730
1.595953 0.133697 1.397685
1.610056 0.131282 1.424308
1.620928 0.116192 1.450058
1.633912 0.114645 1.474171
1.650367 0.112338 1.498244
1.660911 0.099510 1.544997
1.674098 0.091636 1.586696
1.684634 0.084439 1.613898
1.694331 0.068736 1.647559
1.702219 0.060065 1.680660
1.705102 0.039574 1.711210
1.694666 0.042641 1.736982
1.729782 0.011931 1.744756
1.677136 0.052910 1.729518
1.709683 0.046723 1.745063
1.703481 0.068727 1.752189
1.689751 0.112570 1.774713
1.675570 0.153078 1.789627
1.676935 0.195624 1.804246
1.661675 0.233632 1.816313
1.723577 0.225347 1.842001
1.665431 0.300106 1.861455
1.679843 0.313531 1.884383
1.609330 0.394230 1.889596
1.592443 0.433480 1.896993
1.614448 0.452345 1.916209
1.600145 0.495270 1.938742
1.598093 0.493230 1.956487
1.619797 0.531055 1.986680
1.557196 0.613506 2.000450
1.546758 0.641432 2.010295
1.572664 0.664117 2.043130
1.603056 0.682600 2.066410
1.560014 0.717756 2.071003
1.519817 0.746943 2.067417
1.537913 0.775496 2.092209
1.567881 0.773761 2.115788
1.538309 0.827456 2.132031
1.528994 0.858868 2.147598
1.528503 0.898781 2.164636
1.540873 0.922454 2.180314
1.505957 0.963325 2.180791
1.503136 0.987925 2.195304
1.473511 1.009810 2.242441
1.457585 1.047408 2.281266
1.478402 1.054214 2.320852
1.467154 1.085039 2.361471
1.455271 1.117845 2.414415
1.452384 1.135298 2.466004
1.444386 1.155865 2.513499
1.463954 1.138653 2.559444
1.435346 1.175306 2.585096
1.424297 1.209479 2.615203
1.419827 1.232848 2.650356
1.422288 1.256421 2.662250
1.429996 1.275451 2.683622
1.430832 1.302759 2.716655
1.433036 1.332757 2.737125
1.458291 1.349043 2.757222
1.444997 1.377426 2.777244
1.458494 1.399452 2.799768
1.466051 1.425366 2.822481
1.522966 1.455138 2.848457
1.487715 1.472815 2.862090
1.490978 1.489096 2.876203
1.568222 1.533049 2.915637
1.538521 1.547779 2.932677
1.550883 1.570400 2.957740
1.531061 1.575191 2.971023
1.542487 1.589092 2.982255
1.564755 1.620136 3.004588
1.567621 1.629921 3.016663
1.600700 1.660871 3.050952
1.577453 1.662694 3.074744
1.587379 1.673269 3.091773
1.608932 1.679654 3.121146
1.613564 1.689135 -3.135355
1.613306 1.702191 -3.116177
1.622694 1.708235 -3.093094
1.642042 1.721385 -3.068231
1.668530 1.749243 -3.055684
1.633431 1.755143 -3.049919
1.602807 1.754285 -3.029062
1.600728 1.757904 -3.012620
1.551500 1.765730 -2.986349
1.502794 1.743843 -2.982134
1.489482 1.749966 -2.969801
1.438152 1.732631 -2.953664
1.410186 1.760613 -2.910019
1.364958 1.749892 -2.894273
1.327478 1.738221 -2.877900
1.300814 1.737719 -2.849673
1.272558 1.748014 -2.826956
1.225982 1.704515 -2.826815
1.212854 1.717069 -2.799639
1.164987 1.719047 -2.780819
1.135035 1.671437 -2.771581
1.125753 1.680226 -2.750285
1.072422 1.651544 -2.729725
1.079686 1.671338 -2.711443
1.011658 1.636326 -2.703692
0.968460 1.618340 -2.673512
0.987979 1.618195 -2.664588
0.929016 1.629175 -2.634625
0.879162 1.571938 -2.622990
0.854066 1.554610 -2.611712
0.823121 1.547356 -2.591264
0.787289 1.524684 -2.571909
0.759777 1.527704 -2.541190
0.728026 1.497473 -2.516042
0.702382 1.491276 -2.496691
0.670930 1.478568 -2.476994
0.659530 1.471880 -2.430187
0.631427 1.460635 -2.387100
0.609214 1.453745 -2.343886
0.586018 1.452714 -2.297533
0.566433 1.450725 -2.258067
0.544557 1.440787 -2.219341
0.513661 1.441188 -2.195630
0.497689 1.454739 -2.173431
0.470378 1.438253 -2.167315
0.448457 1.435363 -2.146651
0.447581 1.464970 -2.138333
0.464585 1.466992 -2.138620
0.429652 1.429065 -2.113111
0.427891 1.465718 -2.088401
0.387189 1.443199 -2.068110
0.298376 1.530084 -1.993571
0.278380 1.517172 -1.974522
0.274054 1.477378 -1.959584
0.262515 1.490066 -1.939928
0.243253 1.490008 -1.915455
0.224012 1.498140 -1.888010
0.183245 1.515047 -1.855840
0.160941 1.539401 -1.830643
0.154189 1.522041 -1.814028
0.143255 1.515105 -1.793909
0.121300 1.531666 -1.767135
0.103896 1.535774 -1.742669
0.068814 1.565361 -1.707951
0.061175 1.554329 -1.690593
0.050795 1.569660 -1.669829
0.037650 1.572031 -1.670602
0.028653 1.576885 -1.655098
0.017423 1.594806 -1.631654
0.005599 1.600673 -1.608101
-0.002265 1.608010 -1.575085
-0.013239 1.616442 -1.551011
-0.031078 1.628774 -1.518967
-0.044389 1.666380 -1.466094
-0.057033 1.660680 -1.410893
-0.078189 1.681802 -1.364574
-0.070096 1.699716 -1.336259
-0.070667 1.672167 -1.315163
-0.069883 1.689356 -1.309313
-0.060247 1.634544 -1.288075
-0.095514 1.630101 -1.257555
-0.064823 1.584513 -1.251038
0.001173 1.525101 -1.253020
-0.006158 1.501620 -1.229989
-0.056485 1.514219 -1.199155
-0.078529 1.462393 -1.172013
-0.040138 1.397223 -1.163471
-0.006019 1.340500 -1.153476
-0.070560 1.334395 -1.123908
-0.084203 1.316541 -1.123139
-0.038106 1.240752 -1.084302
0.036037 1.166838 -1.083210
0.062581 1.134389 -1.070680
0.021078 1.135126 -1.042818
0.095112 1.102013 -1.049670
0.114111 1.049147 -1.030070
0.122313 1.003567 -1.013771
0.120623 0.995575 -1.000268
0.116691 0.973045 -0.977614
0.139007 0.919481 -0.971171
0.152522 0.885500 -0.959106
0.157536 0.854312 -0.943781
0.173536 0.813143 -0.923809
0.181653 0.805092 -0.911067
0.192603 0.760204 -0.894031
0.162071 0.762976 -0.874654
0.201122 0.708921 -0.848222
0.210793 0.676076 -0.812157
0.211993 0.658979 -0.771102
0.216290 0.632900 -0.737684
0.192989 0.626915 -0.696577
0.223567 0.582802 -0.674202
0.228396 0.549202 -0.663498
0.220622 0.521273 -0.655019
0.218564 0.498476 -0.647573
0.223969 0.480457 -0.650010
0.232466 0.446284 -0.643658
0.235505 0.428271 -0.626766
0.226405 0.417677 -0.619954
0.208943 0.401272 -0.598911
0.202236 0.380889 -0.579491
0.204552 0.355921 -0.550597
0.200565 0.325045 -0.522816
0.194843 0.304848 -0.503828
0.185457 0.292454 -0.480591
0.180566 0.272577 -0.458421
0.169724 0.250906 -0.424749
0.172199 0.232181 -0.397233
0.160571 0.205100 -0.357044
0.114397 0.167084 -0.314739
0.128539 0.159856 -0.292555
0.142945 0.145003 -0.272055
0.141048 0.132254 -0.247749
0.137260 0.114191 -0.222838
0.128725 0.092875 -0.191934
0.105870 0.075013 -0.161282
0.099783 0.064081 -0.128674
0.103031 0.053651 -0.103554
0.098473 0.039423 -0.072139
