0.006042 -0.000115 0.019065
0.007327 -0.004514 0.024273
0.007704 -0.007495 0.026693
0.007950 -0.009079 0.027834
0.009022 -0.009473 0.028026
0.008347 -0.009800 0.028403
0.008389 -0.009648 0.028321
0.008258 -0.009431 0.028203
0.008612 -0.006938 0.040621
0.014246 -0.005027 0.045436
0.038175 0.000447 0.071508
0.060306 0.003252 0.092868
0.077086 0.002603 0.112966
0.091308 0.005377 0.129216
0.106099 0.009638 0.149227
0.131384 0.011605 0.167606
0.127658 0.004467 0.190206
0.161988 0.010562 0.208731
0.185113 0.013541 0.224638
0.205007 0.012444 0.251906
0.227874 0.023475 0.278943
0.249957 0.027393 0.298891
0.256094 0.028857 0.320590
0.279728 0.042774 0.339100
0.288554 0.042419 0.362265
0.304722 0.039774 0.388898
0.314711 0.035748 0.400547
0.345795 0.056030 0.421498
0.349865 0.056559 0.444869
0.345911 0.059226 0.496410
0.352887 0.063135 0.548695
0.370413 0.083910 0.600029
0.381032 0.086387 0.650375
0.383462 0.080296 0.706727
0.394351 0.093147 0.748005
0.388657 0.096803 0.806037
0.395832 0.105984 0.841939
0.407106 0.118117 0.888582
0.406237 0.119214 0.925232
0.413543 0.124452 0.967068
0.423709 0.134709 1.001698
0.426180 0.140516 1.048026
0.437769 0.144172 1.059766
0.441773 0.138169 1.065594
0.443837 0.136656 1.070156
0.452194 0.137064 1.068360
0.457119 0.136115 1.072338
0.458234 0.133428 1.074790
0.455181 0.131611 1.087672
0.447164 0.130926 1.124011
0.440954 0.118512 1.168767
0.443715 0.119584 1.225567
0.442895 0.116900 1.281652
0.440916 0.109626 1.337348
0.433296 0.100912 1.381989
0.436200 0.090278 1.428088
0.431212 0.073192 1.488668
0.439879 0.070866 1.530156
0.433422 0.051635 1.580002
0.431531 0.044580 1.627308
0.426325 0.025197 1.663745
0.428225 0.008965 1.719300
0.435623 -0.002853 1.753239
0.446651 -0.004403 1.787816
0.466550 -0.013155 1.788193
0.538981 0.080039 1.808719
0.546839 0.005185 1.790049
0.602058 -0.053728 1.801861
0.593572 -0.014386 1.780831
0.620863 -0.016972 1.755552
0.650608 -0.008630 1.740479
0.671061 -0.011194 1.720219
0.725212 0.002916 1.722249
0.759948 -0.010631 1.708867
0.788543 -0.004158 1.700369
0.816506 -0.016217 1.691510
0.839823 -0.024682 1.681279
0.897490 -0.046255 1.684818
0.905021 -0.038741 1.663594
0.935029 -0.031049 1.647358
0.969538 -0.028019 1.635177
0.983185 -0.030942 1.622339
1.011453 -0.020934 1.625218
1.048600 -0.046141 1.635703
1.071901 -0.047733 1.627375
1.106059 -0.005102 1.645400
1.164260 -0.041033 1.621439
1.150924 -0.016083 1.605686
1.164829 -0.024587 1.600123
1.174077 -0.010113 1.596246
1.204593 -0.030973 1.575765
1.223245 -0.035842 1.567427
1.235419 -0.036689 1.580943
1.246967 -0.039102 1.632144
1.258743 -0.029626 1.672861
1.296141 -0.032448 1.742859
1.268058 0.011842 1.783468
1.258929 0.030606 1.825791
1.262173 0.044841 1.884767
1.254448 0.063264 1.961352
1.255480 0.079879 2.020551
1.261077 0.096153 2.088269
1.265743 0.115311 2.150910
1.263671 0.130995 2.213451
1.256906 0.146099 2.253679
1.290533 0.134848 2.296328
1.273265 0.167480 2.334926
1.266250 0.180045 2.379785
1.297704 0.145766 2.411719
1.291494 0.170048 2.447354
1.304725 0.157214 2.484441
1.286301 0.207029 2.526153
1.289176 0.230887 2.590046
1.313955 0.254360 2.603433
1.334960 0.274666 2.628742
1.341966 0.288472 2.647511
1.357466 0.276884 2.660978
1.368918 0.304237 2.688574
1.385566 0.326285 2.719002
1.399365 0.347541 2.749271
1.416909 0.359720 2.774596
1.433052 0.375225 2.805916
1.455848 0.365308 2.829468
1.491022 0.403336 2.873557
1.500132 0.421291 2.914056
1.520238 0.441342 2.948044
1.535089 0.452199 2.977006
1.572501 0.464418 3.000089
1.587235 0.456446 3.049781
1.590920 0.452792 3.109632
1.604170 0.468083 -3.129981
1.623916 0.475423 -3.081515
1.635000 0.490259 -3.035941
1.648828 0.499687 -3.005266
1.654640 0.510247 -2.970499
1.682513 0.520024 -2.946345
1.700301 0.534896 -2.923813
1.712843 0.548954 -2.926362
1.727728 0.593235 -2.911727
1.784901 0.605750 -2.954981
1.738936 0.624609 -2.969216
1.752405 0.650588 -2.980309
1.736319 0.675869 -2.987715
1.741643 0.694882 -2.992491
1.739650 0.714058 -3.001404
1.793034 0.733025 -3.022760
1.754827 0.778004 -3.030314
1.739809 0.830076 -3.042768
1.740317 0.850416 -3.066196
1.773046 0.855745 -3.081865
1.749686 0.894070 -3.089698
1.763267 0.941474 -3.092623
1.745217 0.959982 -3.100414
1.757004 0.993834 -3.107175
1.752349 1.013558 -3.114227
1.747396 1.034359 -3.114184
1.743110 1.064605 -3.124332
1.753934 1.101575 -3.125657
1.761467 1.136176 -3.102713
1.786386 1.194898 -3.114747
1.752654 1.186761 -3.136898
1.752999 1.191917 3.130428
1.746608 1.206909 3.120829
1.742665 1.229604 3.122111
1.764835 1.265869 -3.123590
1.741374 1.249727 -3.101554
1.779918 1.274567 -3.065694
1.716404 1.265274 -3.001602
1.695830 1.270594 -2.963255
1.685635 1.287199 -2.918735
1.661565 1.288481 -2.852513
1.651154 1.286941 -2.803947
1.673600 1.322701 -2.751334
1.632879 1.293268 -2.679663
1.610331 1.280810 -2.629479
1.591130 1.289926 -2.579041
1.568923 1.305260 -2.515274
1.550168 1.301337 -2.474866
1.563153 1.362358 -2.436883
1.507753 1.342247 -2.394219
1.545619 1.381891 -2.365567
1.490626 1.331706 -2.342433
1.475137 1.325571 -2.297028
1.461521 1.326598 -2.262177
1.450924 1.333863 -2.228322
1.432909 1.334877 -2.194987
1.447402 1.354062 -2.180502
1.413057 1.361210 -2.137926
1.385124 1.381364 -2.101356
1.393747 1.401020 -2.070409
1.367903 1.392135 -2.033029
1.361435 1.408063 -2.001622
1.336526 1.415640 -1.968090
1.331157 1.437805 -1.937659
1.306794 1.457186 -1.900030
1.289782 1.456543 -1.859264
1.281534 1.466530 -1.825030
1.270224 1.489073 -1.784626
1.259942 1.508736 -1.750551
1.263913 1.530069 -1.728638
1.250198 1.538404 -1.687541
1.251200 1.553011 -1.628779
1.247926 1.580111 -1.593531
1.228747 1.586669 -1.551858
1.225171 1.605374 -1.511072
1.234486 1.685353 -1.501024
1.217220 1.653471 -1.478705
1.208971 1.661331 -1.449600
1.201207 1.679550 -1.425549
1.200429 1.701431 -1.396800
1.175446 1.707252 -1.403716
1.137981 1.764594 -1.374075
1.150833 1.751672 -1.420110
1.127169 1.739628 -1.437780
1.049971 1.777481 -1.447172
1.065851 1.754716 -1.471225
1.037555 1.738404 -1.482007
1.011199 1.732125 -1.492045
0.972944 1.786850 -1.491798
0.931220 1.743288 -1.488371
0.946503 1.798164 -1.514876
0.889274 1.743032 -1.510469
0.846352 1.736512 -1.519641
0.817801 1.746023 -1.531811
0.790305 1.735971 -1.533565
0.740473 1.766273 -1.545372
0.712966 1.741109 -1.563692
0.673058 1.798237 -1.582660
0.641070 1.775368 -1.586602
0.590055 1.781351 -1.580085
0.577943 1.750103 -1.583344
0.565766 1.764098 -1.581825
0.601825 1.812515 -1.584105
0.594593 1.826606 -1.587724
0.539094 1.759592 -1.623041
0.487030 1.749279 -1.621346
0.434456 1.761786 -1.609400
0.420498 1.742167 -1.591382
0.417663 1.762613 -1.545810
0.425016 1.729365 -1.506338
0.423919 1.701841 -1.453698
0.417130 1.688972 -1.395707
0.418555 1.672469 -1.342139
0.426738 1.657199 -1.271716
0.429835 1.647114 -1.215856
0.413207 1.627337 -1.152568
0.388315 1.624674 -1.061888
0.401644 1.595614 -1.014303
0.404134 1.567980 -0.960453
0.404935 1.554461 -0.919318
0.414943 1.549096 -0.883207
0.388347 1.527752 -0.853494
0.379047 1.505266 -0.842697
0.371801 1.490191 -0.840263
0.377891 1.468902 -0.835772
0.388331 1.450056 -0.808464
0.388422 1.439809 -0.753276
0.369802 1.434350 -0.719048
0.346161 1.459627 -0.695939
0.354502 1.431050 -0.665998
0.348048 1.406101 -0.633238
0.333391 1.392540 -0.599026
0.318558 1.369516 -0.555345
0.306159 1.355714 -0.521760
0.297407 1.357786 -0.491951
0.284458 1.339295 -0.456913
0.264578 1.340780 -0.428343
0.247034 1.328713 -0.400496
0.245296 1.300890 -0.359066
0.231121 1.284597 -0.322382
0.204161 1.293363 -0.289527
0.195972 1.277299 -0.246843
0.179364 1.242971 -0.201057
0.167800 1.233110 -0.177620
0.159820 1.220270 -0.156851
0.116485 1.243021 -0.133319
0.118914 1.225934 -0.084336
0.111953 1.219492 -0.040486
0.103412 1.217091 0.007381
0.084795 1.209110 0.048381
0.067594 1.203249 0.073512
0.042480 1.198315 0.092780
0.029545 1.193150 0.114760
0.010414 1.190327 0.135406
-0.014031 1.178118 0.130314
0.023451 1.186342 0.143117
0.007724 1.161088 0.103154
-0.013958 1.126024 0.097405
-0.015998 1.093775 0.087677
-0.044491 1.063021 0.074211
-0.026799 1.019925 0.063392
-0.069033 1.007039 0.048255
-0.101601 0.988654 0.044078
-0.016886 0.972370 0.021918
0.004616 0.966262 -0.000916
-0.035839 0.888206 0.002916
-0.048946 0.840617 0.003128
-0.043336 0.797769 0.007744
0.009386 0.804466 -0.005920
0.033855 0.814832 -0.033902
-0.036172 0.722980 -0.021866
-0.078285 0.704845 -0.039299
-0.052821 0.650677 -0.023823
-0.151535 0.660596 -0.032097
-0.069206 0.614120 -0.032996
-0.055149 0.579416 0.007196
-0.049237 0.544638 -0.013382
-0.047574 0.514581 -0.013204
-0.055419 0.501948 -0.016996
-0.047285 0.470421 -0.015284
-0.035559 0.460183 -0.016926
-0.074968 0.430618 -0.009323
-0.042320 0.412697 0.016551
-0.028802 0.404835 0.061736
-0.015473 0.391275 0.109964
-0.005371 0.393906 0.154057
0.005658 0.399334 0.223726
-0.001191 0.385129 0.284635
0.029376 0.400089 0.337998
0.036531 0.389498 0.388875
0.065217 0.402054 0.457424
0.075232 0.395151 0.520255
0.100806 0.410523 0.584470
0.115271 0.407937 0.636339
0.133077 0.411102 0.702260
0.144875 0.404230 0.741823
0.165894 0.407504 0.765604
0.179234 0.400356 0.782097
0.180198 0.406394 0.816870
0.178050 0.395068 0.845864
0.201300 0.393194 0.876437
0.215565 0.387795 0.910528
0.211885 0.370282 0.937640
0.192738 0.351557 0.974570
0.246699 0.358439 0.999571
0.263563 0.326839 1.032066
0.253407 0.303135 1.055689
0.291991 0.314581 1.084267
0.290809 0.299645 1.114817
0.315690 0.288909 1.143269
0.341411 0.285577 1.168852
0.319830 0.233136 1.181645
0.365552 0.244551 1.212575
0.401190 0.254969 1.246568
0.405274 0.224784 1.279430
0.385240 0.192612 1.299733
0.425776 0.172656 1.360628
0.435954 0.160401 1.396447
0.452030 0.153821 1.422659
0.466114 0.135431 1.462211
0.474869 0.108429 1.495245
