2.208751 0.250440 1.629537
2.208967 0.250755 1.629838
2.208915 0.250470 1.629640
2.208896 0.250336 1.629523
2.208756 0.250533 1.629579
2.208905 0.250628 1.629708
2.208878 0.250794 1.629785
2.208807 0.250512 1.629596
2.208818 0.250883 1.629832
2.208902 0.250533 1.629671
2.209827 0.258755 1.651734
2.199142 0.248251 1.642713
2.199767 0.250392 1.658696
2.188558 0.253956 1.652380
2.186722 0.253868 1.651423
2.180068 0.260311 1.655517
2.175826 0.263910 1.656831
2.167014 0.273921 1.663466
2.163811 0.273437 1.659302
2.157167 0.281209 1.667870
2.152358 0.284560 1.665181
2.147535 0.278964 1.676382
2.140629 0.290792 1.675689
2.139849 0.299055 1.702544
2.130530 0.295470 1.712080
2.126075 0.312219 1.740165
2.120672 0.311731 1.762031
2.111301 0.306697 1.770829
2.108407 0.319694 1.790088
2.112151 0.326942 1.817930
2.102720 0.318302 1.823446
2.097330 0.327462 1.848264
2.096711 0.340578 1.897444
2.087606 0.350463 1.911970
2.073749 0.342611 1.915948
2.072693 0.340506 1.920759
2.057993 0.370493 1.940352
2.049014 0.389472 1.954683
2.037704 0.419973 1.984023
2.049604 0.375499 1.964803
2.027323 0.437152 2.002595
2.008349 0.468868 2.012633
2.000839 0.484040 2.028279
1.992997 0.503211 2.044736
1.980408 0.516537 2.047363
1.976028 0.527671 2.049768
1.963702 0.549940 2.062095
1.953319 0.572462 2.073788
1.944422 0.589794 2.080205
1.933285 0.608910 2.086280
1.928094 0.623544 2.096995
1.908836 0.646742 2.099831
1.906389 0.654579 2.103990
1.912250 0.650431 2.102071
1.891778 0.683190 2.137190
1.881079 0.693273 2.135338
1.875118 0.712542 2.130185
1.870202 0.739378 2.139895
1.875434 0.723420 2.127030
1.857182 0.767753 2.141980
1.892671 0.746800 2.116365
1.865365 0.783857 2.128154
1.831399 0.837623 2.151720
1.817224 0.847958 2.137073
1.818037 0.868914 2.155771
1.807574 0.884787 2.150767
1.800442 0.901698 2.158764
1.807609 0.917835 2.179771
1.796216 0.931788 2.178492
1.782948 0.945251 2.171799
1.773490 0.961792 2.173821
1.767626 0.979197 2.184987
1.766979 0.986890 2.207272
1.768244 1.004369 2.263680
1.761452 1.007847 2.272619
1.759626 1.021343 2.306320
1.760546 1.033042 2.327212
1.763437 1.035958 2.317959
1.761879 1.044745 2.318333
1.759781 1.045434 2.308615
1.762140 1.062691 2.320938
1.762342 1.069587 2.320366
1.761884 1.080961 2.322583
1.767921 1.093789 2.340501
1.762533 1.094245 2.324048
1.758475 1.090973 2.271938
1.768259 1.117082 2.342601
1.773095 1.125771 2.290654
1.774229 1.138436 2.296725
1.781463 1.102127 2.183840
1.766925 1.180942 2.293577
1.737492 1.101082 2.240100
1.762989 1.208485 2.291721
1.763704 1.220666 2.295341
1.762685 1.239952 2.307396
1.765457 1.260909 2.317942
1.759048 1.243930 2.309080
1.756092 1.252027 2.312741
1.780230 1.309181 2.348405
1.770015 1.342342 2.386993
1.760038 1.323676 2.360389
1.743802 1.224557 2.293739
1.767006 1.392652 2.381678
1.800717 1.458617 2.430064
1.811881 1.670562 2.539982
1.813915 1.532250 2.459135
1.817693 1.358134 2.377561
1.798063 1.473054 2.411272
1.818011 1.484921 2.413458
1.818346 1.460263 2.378822
1.884300 1.603015 2.438170
1.811491 1.537808 2.370816
1.804702 1.520897 2.360984
1.805620 1.565192 2.383253
1.803838 1.572631 2.385302
1.813117 1.642802 2.420855
1.821919 1.675964 2.441703
1.812797 1.639496 2.417580
1.811933 1.618407 2.409454
1.804274 1.621446 2.413520
1.801072 1.684221 2.444568
1.812841 1.662281 2.434280
1.818993 1.730322 2.473930
1.802034 1.726650 2.474289
1.799952 1.693490 2.457054
1.804172 1.639838 2.428324
1.798678 1.735906 2.485120
1.784064 1.377352 2.283864
1.795138 1.721198 2.474974
1.795311 1.714806 2.476515
1.789925 1.756533 2.500439
1.815140 1.826508 2.551904
1.789053 1.775616 2.541580
1.776266 1.343908 2.296105
1.794678 1.724768 2.505896
1.802157 1.732452 2.507359
1.789807 1.778494 2.538103
1.797467 1.713424 2.522647
1.798808 1.804788 2.570053
1.799877 1.731769 2.530913
1.813180 1.747179 2.541176
1.813864 1.724309 2.550571
1.821794 1.748739 2.562500
1.836996 1.724603 2.551447
1.835590 1.691282 2.556636
1.849531 1.588458 2.512788
1.865842 1.615599 2.544695
1.862241 1.666862 2.571047
1.901831 1.582807 2.548943
1.899245 1.667049 2.606817
1.917287 1.767351 2.667169
1.906744 1.604211 2.608620
1.934116 1.513973 2.577070
1.946021 1.674267 2.670535
1.928475 1.568780 2.624036
1.935736 1.490612 2.599970
1.946997 1.570376 2.646209
1.923307 1.633585 2.674531
1.920827 1.630099 2.678761
1.926545 1.612538 2.663302
1.915106 1.657008 2.683807
1.886433 1.629470 2.659648
1.887637 1.660444 2.671515
1.863971 1.675674 2.680564
1.847426 1.577858 2.626264
1.400358 2.050200 -2.659055
1.415261 2.048450 -2.677812
1.396433 2.029711 -2.679032
1.388695 2.024477 -2.681566
1.374709 2.017597 -2.680272
1.367364 2.013379 -2.681942
1.754961 1.668113 2.692204
1.740847 1.690220 2.705072
1.721046 1.692200 2.704445
1.781426 1.410162 2.536957
1.713678 1.741841 2.693064
1.717267 1.674404 2.647600
1.722993 1.747507 2.671544
1.752088 1.382622 2.431632
1.689347 1.177056 2.285143
1.722278 1.936731 2.695448
1.749177 1.762087 2.621176
1.733481 1.660515 2.570275
1.728270 1.719678 2.600614
1.742613 1.580227 2.524631
1.753178 1.580215 2.535793
1.722939 1.714322 2.599450
1.724464 1.708893 2.596058
1.731432 1.738764 2.605258
1.681753 2.009339 2.773061
1.753458 1.674346 2.640058
1.724486 1.829191 2.714015
1.707332 1.755883 2.679351
1.705922 1.734659 2.666375
1.698882 1.819286 2.711993
1.706386 1.793046 2.693383
1.700859 1.792162 2.692755
1.702687 1.779452 2.689443
1.694821 1.845179 2.726671
1.717152 1.823859 2.729316
1.795861 1.633025 2.606641
1.711661 1.772221 2.709161
1.705537 1.793575 2.718931
1.696588 1.820437 2.737281
1.715660 1.698226 2.673223
1.709372 1.720265 2.680670
1.699894 1.803160 2.729349
1.706770 1.776542 2.713839
1.728487 1.718840 2.684413
1.725146 1.684422 2.658598
1.699574 1.906360 2.792993
1.699779 1.780358 2.725104
1.696812 1.829578 2.746142
1.697976 1.797093 2.729748
1.697832 1.810692 2.729172
1.706977 1.813383 2.732183
1.709063 1.717140 2.682629
1.709350 1.808722 2.728631
1.688259 1.856387 2.750288
1.702322 1.762918 2.697648
1.685332 1.853868 2.750000
1.711742 1.912106 2.779437
1.707670 1.723368 2.675068
1.697777 1.812297 2.720089
1.693899 1.805423 2.717481
1.688714 1.848527 2.742139
1.698043 1.803956 2.715808
1.692524 1.827379 2.733631
1.696012 1.853109 2.755325
1.691719 1.844806 2.738988
1.689161 1.955024 2.812810
1.697505 1.785609 2.722501
1.637857 2.130001 2.919513
1.623601 2.163382 2.963407
1.702180 1.846756 2.806548
1.676201 1.997756 2.916704
1.684902 2.064159 3.003609
1.725563 1.788552 2.863795
1.485586 1.980381 -2.866101
1.528390 1.957247 -2.910012
1.596885 1.913482 -2.977842
1.617585 1.909757 -2.989192
1.669182 1.861763 -3.037848
1.708593 1.825775 -3.073242
1.716537 1.818704 -3.076704
1.739118 1.805456 -3.108681
1.703461 1.807585 -3.084144
1.696398 1.803459 -3.092030
1.689436 1.799438 -3.102327
1.667383 1.805154 -3.088849
1.648537 1.809725 -3.082723
1.621692 1.821994 -3.066804
1.596607 1.827933 -3.056470
1.569255 1.834600 -3.046956
1.544239 1.840180 -3.036825
1.655375 -0.171490 1.968380
1.556314 1.829530 3.073874
1.551295 1.826289 3.064162
1.502155 1.837705 3.078589
1.529292 1.825107 3.057533
1.442396 1.879534 3.099121
1.434384 1.853952 3.080588
1.445937 1.844138 3.063181
1.394712 1.870332 3.080989
1.454390 1.845577 3.049286
1.451423 1.847033 3.055103
1.459685 1.840130 3.080096
1.373940 1.854888 3.086402
1.355537 1.869023 3.092315
1.370347 1.862590 3.079412
1.342613 1.862853 3.089176
1.328479 1.859638 3.087441
1.309381 1.867074 3.100614
1.307332 1.880733 3.113696
1.300520 1.867233 3.119352
1.289052 1.870667 3.130200
1.284129 1.867792 3.123316
1.251240 1.897448 -3.115937
1.254602 1.882652 -3.110203
1.230888 1.861202 3.077052
1.211238 1.912427 -3.072792
1.474539 1.810620 3.066721
1.259960 1.863818 -3.121826
1.204513 1.855095 -3.102216
1.324440 1.855754 3.134917
1.292744 1.838412 3.137441
1.134336 1.857139 -3.073154
1.166760 1.852287 -3.091668
1.074941 1.853206 -3.054686
1.064812 1.853051 -3.050605
1.037741 1.852036 -3.043022
1.056702 1.858595 -3.051821
1.010713 1.851993 -3.038474
0.993601 1.864139 -3.024527
0.959253 1.856529 -3.014673
0.947180 1.851488 -3.016533
0.930083 1.852433 -3.011349
0.903385 1.847604 -3.003704
0.900869 1.850043 -3.003262
0.867398 1.846666 -2.986694
0.858227 1.845463 -2.986405
0.832967 1.843112 -2.978316
0.833618 1.846213 -2.983020
0.801684 1.841041 -2.967149
0.791773 1.848485 -2.952386
0.782163 1.842466 -2.953645
0.781111 1.840905 -2.949896
0.725030 1.859481 -2.900147
0.751997 1.838605 -2.893211
0.747507 1.840240 -2.878410
0.767979 1.842166 -2.862525
0.734213 1.841104 -2.825233
0.721659 1.843983 -2.796461
0.734081 1.833020 -2.790524
0.722153 1.843194 -2.758924
0.741788 1.826088 -2.763496
0.740846 1.830810 -2.757061
0.745970 1.825950 -2.759379
0.738892 1.826423 -2.765586
0.700920 1.860239 -2.723391
0.739216 1.834134 -2.763541
0.713941 1.836996 -2.745740
0.711663 1.830025 -2.739460
0.709386 1.817043 -2.751208
0.722040 1.820054 -2.758702
0.691017 1.809267 -2.746810
0.684592 1.808611 -2.745298
0.670466 1.803512 -2.744863
0.643615 1.804492 -2.730012
0.631321 1.791973 -2.729880
0.642892 1.798280 -2.737570
0.615011 1.785956 -2.724348
0.611818 1.789679 -2.727645
0.591269 1.777869 -2.714761
0.580067 1.785927 -2.698249
0.544121 1.789096 -2.636825
0.558632 1.776827 -2.621692
0.540485 1.783020 -2.582370
0.541383 1.776712 -2.540011
0.543866 1.770720 -2.528199
0.526765 1.779376 -2.475863
0.557285 1.769706 -2.492368
0.529628 1.766403 -2.459508
0.531532 1.762533 -2.434330
0.525967 1.762263 -2.404845
0.532232 1.756163 -2.410362
0.522413 1.761319 -2.409263
0.508181 1.766502 -2.406761
0.517045 1.781374 -2.398680
0.518738 1.773294 -2.378719
0.514005 1.778993 -2.365018
0.526723 1.792593 -2.362196
0.503413 1.788462 -2.335121
0.493531 1.802883 -2.321239
0.482568 1.814482 -2.312396
0.489313 1.825624 -2.308919
0.476858 1.834553 -2.288000
0.470955 1.840050 -2.279221
0.460098 1.848856 -2.264425
0.454797 1.866222 -2.254855
0.451901 1.872499 -2.257278
0.443063 1.894258 -2.247812
0.429804 1.891594 -2.234455
0.423820 1.904306 -2.232675
0.416775 1.916541 -2.221650
0.408700 1.935102 -2.203498
0.398825 1.957048 -2.169672
0.398088 1.951839 -2.196176
0.396967 1.963870 -2.195501
0.380745 1.975650 -2.179999
0.391625 1.987420 -2.180346
0.378423 1.991337 -2.173000
0.377852 2.015035 -2.175420
0.370758 2.009943 -2.141807
0.366126 2.011832 -2.165031
0.362195 2.017955 -2.153609
0.358126 2.026494 -2.149253
0.355035 2.037551 -2.121498
0.345355 2.044044 -2.110308
0.342455 2.053817 -2.095764
0.335802 2.058228 -2.084387
0.334242 2.067961 -2.066722
0.323500 2.073853 -2.050066
0.317913 2.080675 -2.029246
0.312207 2.088072 -2.009360
0.304481 2.099421 -1.974300
