2.197247 0.241346 1.596921
2.197159 0.241155 1.596770
2.197063 0.241231 1.596743
2.197032 0.241377 1.596792
2.197101 0.241433 1.596881
2.197311 0.241332 1.596944
2.196990 0.241372 1.596778
2.197056 0.241010 1.596640
2.197306 0.241333 1.596952
2.196962 0.241122 1.596634
2.196879 0.241180 1.596606
2.186400 0.232727 1.590761
2.230042 0.248023 1.634535
2.225080 0.287199 1.657610
2.243880 0.274449 1.653974
2.196583 0.301141 1.642697
2.209405 0.333858 1.681822
2.208348 0.325737 1.682118
2.202311 0.352486 1.699938
2.199800 0.368604 1.705903
2.193458 0.391330 1.717553
2.196015 0.410727 1.730725
2.196840 0.410797 1.727997
2.187769 0.434017 1.744438
2.180642 0.445888 1.756974
2.177294 0.466923 1.770986
2.185966 0.477524 1.783345
2.162981 0.500362 1.792876
2.170861 0.498754 1.794951
2.170630 0.507806 1.803876
2.149832 0.547369 1.825996
2.150178 0.551076 1.830688
2.140216 0.578558 1.850218
2.137574 0.577958 1.844662
2.129110 0.591905 1.860573
2.125819 0.601519 1.861595
2.115465 0.622132 1.875755
2.119014 0.631654 1.882971
2.113608 0.654348 1.916725
2.116307 0.651452 1.913829
2.095197 0.669743 1.919072
2.082313 0.697139 1.937596
2.100309 0.697252 1.938960
2.085649 0.719010 1.951151
2.071262 0.734423 1.961668
2.043333 0.779070 1.987441
2.033407 0.788652 1.999149
2.019987 0.804401 2.010526
2.018733 0.827242 2.037667
2.019237 0.850956 2.065232
1.997435 0.853979 2.051855
1.990342 0.877568 2.073360
1.995133 0.895320 2.099842
1.968416 0.892310 2.076662
1.962754 0.916312 2.096794
1.955700 0.927727 2.106850
1.961004 0.953497 2.133860
1.937643 0.948723 2.112121
1.924799 0.945737 2.119097
1.931188 0.965245 2.163498
1.906921 0.965817 2.139832
1.917977 0.994329 2.185608
1.919152 1.015086 2.219527
1.914787 1.032492 2.244041
1.884787 1.015239 2.190356
1.885037 1.034593 2.218974
1.884728 1.062627 2.252748
1.865190 1.056676 2.220267
1.852661 1.081219 2.234260
1.835199 1.077954 2.207972
1.826893 1.090017 2.215027
1.821953 1.109485 2.233581
1.807357 1.119228 2.230071
1.788155 1.073636 2.110746
1.795116 1.131651 2.247373
1.759523 1.083550 2.223949
1.763626 1.167602 2.261881
1.747848 1.160604 2.257176
1.718146 1.104915 2.227586
1.726368 1.198076 2.277948
1.727809 1.234869 2.293728
1.717192 1.247266 2.301831
1.697730 1.232501 2.291918
1.697754 1.265305 2.320849
1.688457 1.254043 2.323955
1.686530 1.292369 2.340738
1.669194 1.283324 2.333136
1.667155 1.302126 2.339268
1.626492 1.208998 2.287007
1.653551 1.332162 2.369440
1.641352 1.340088 2.369948
1.632578 1.335572 2.369940
1.664049 1.383839 2.430899
1.642016 1.366854 2.449250
1.640494 1.372242 2.479917
1.644985 1.388729 2.523807
1.627188 1.375348 2.537161
1.626722 1.382323 2.559796
1.613499 1.376700 2.576840
1.661654 1.423017 2.655454
1.600034 1.371400 2.637641
1.628826 1.402803 2.686682
1.610935 1.389167 2.731122
1.603734 1.384399 2.729571
1.603154 1.384432 2.733325
1.604323 1.379998 2.734826
1.603306 1.396136 2.768341
1.607677 1.393518 2.773251
1.592520 1.387786 2.765895
1.594235 1.402559 2.790119
1.588536 1.416621 2.806469
1.581225 1.406875 2.799846
1.581295 1.423596 2.813329
1.576598 1.429766 2.814479
1.592679 1.493614 2.872117
1.580182 1.452057 2.841807
1.577664 1.458264 2.843454
1.578168 1.462436 2.846909
1.571685 1.493363 2.862857
1.565227 1.469395 2.845514
1.560799 1.465660 2.842765
1.580558 1.546030 2.897707
1.554380 1.486133 2.856438
1.561500 1.435754 2.821733
1.567186 1.469900 2.842493
1.543151 1.502536 2.853877
1.644404 1.511611 2.867405
1.530074 1.523880 2.881068
1.529629 1.587471 2.905752
1.496041 1.551396 2.871382
1.461282 1.451310 2.795787
1.465499 1.531696 2.848657
1.451369 1.647744 2.925968
1.436342 1.560180 2.862007
1.423801 1.559123 2.869788
1.406847 1.477941 2.814788
1.386797 1.514611 2.838848
1.365424 1.557156 2.875907
1.347577 1.446471 2.793012
1.361113 1.566848 2.873673
1.331732 1.584624 2.878016
1.301016 1.638181 2.914728
1.349125 1.595539 2.878131
1.352133 1.581521 2.874092
1.163779 1.693934 3.010470
1.162502 1.702626 3.021947
1.261794 1.627299 2.937193
1.262832 1.637229 2.941413
1.215455 1.682461 3.009069
1.292726 1.607226 2.970277
1.174217 1.656400 3.074038
1.133287 1.677126 3.118852
1.119767 1.689500 -3.133334
1.096599 1.703777 -3.076617
1.126306 1.672965 -3.085166
1.151562 1.657394 -3.089114
1.153601 1.659127 -3.087338
1.123690 1.694620 -3.031126
1.137702 1.676908 -3.016985
1.128988 1.694925 -2.970764
1.124813 1.700350 -2.928002
1.123285 1.721283 -2.863931
1.159909 1.674443 -2.871693
1.192182 1.673033 -2.857998
1.221150 1.642762 -2.870889
1.194503 1.656753 -2.832173
1.096157 1.736799 -2.732371
1.139227 1.692240 -2.747913
1.143139 1.664261 -2.733574
1.144975 1.664789 -2.740459
1.139658 1.667719 -2.740553
1.102578 1.683129 -2.721157
1.084505 1.691134 -2.730253
1.078680 1.697882 -2.731408
1.061504 1.699927 -2.735082
1.062966 1.699024 -2.744414
1.027874 1.712410 -2.728087
1.031064 1.709785 -2.743944
1.022702 1.713078 -2.744328
1.012485 1.724346 -2.730497
1.038561 1.730324 -2.740227
1.022250 1.745330 -2.726282
1.000604 1.761227 -2.705563
0.917939 1.805538 -2.626314
0.923955 1.818009 -2.613495
0.951213 1.777557 -2.653925
0.947276 1.793247 -2.633962
0.940097 1.793363 -2.632419
0.963821 1.807236 -2.631674
0.942858 1.817730 -2.622887
0.938302 1.823236 -2.615529
0.939262 1.833107 -2.605729
0.965048 1.847851 -2.617367
0.929384 1.851988 -2.587046
0.897475 1.848941 -2.567409
0.876211 1.855661 -2.545958
0.862851 1.868473 -2.532637
0.854930 1.884263 -2.518950
0.857436 1.888254 -2.519645
0.792833 1.897466 -2.486990
0.851396 1.922704 -2.519558
0.912881 1.946981 -2.538823
0.756420 1.914519 -2.460202
0.750049 1.922194 -2.448889
0.736030 1.935500 -2.443469
0.733185 1.938758 -2.431980
0.690758 1.934829 -2.403163
0.691054 1.955769 -2.405637
0.668433 1.949837 -2.390284
0.661070 1.966589 -2.374536
0.629298 1.961026 -2.350693
0.611624 1.966928 -2.329068
0.607386 1.973072 -2.293596
0.602949 1.976887 -2.298064
0.589267 1.977258 -2.294123
0.574426 1.986967 -2.272670
0.562523 1.994413 -2.268530
0.556607 2.002961 -2.273427
0.510626 2.019055 -2.207348
0.526082 2.013264 -2.258104
0.518908 2.017575 -2.249227
0.500134 2.025358 -2.234991
0.491342 2.036069 -2.215317
0.479473 2.038177 -2.206726
0.462113 2.048070 -2.186203
0.444731 2.058266 -2.166293
0.443083 2.067418 -2.162573
0.421488 2.072791 -2.137613
0.406184 2.076807 -2.128512
0.396737 2.083472 -2.115387
0.382664 2.089290 -2.105099
0.371612 2.099347 -2.088184
0.363778 2.114318 -2.080026
0.356614 2.133141 -2.062858
0.325665 2.111389 -2.043700
