0.850000
0.950000
0.650000
0.750000
2.350000
2.250000
0.050000
0.150000
1.850000
0.050000
0.150000
0.250000
0.585714
0.560000
0.550000
0.530000
1.900000
1.900000
1.840000
1.814286
1.750000
1.900000
1.150000
1.050000
1.200000
1.050000
1.150000
2.350000
2.250000
2.150000
2.050000
1.950000
0.500000
0.510000
1.890000
1.870000
1.450000
1.350000
1.250000
1.250000
1.350000
1.870000
1.650000
1.890000
1.550000
1.450000
0.500000
0.500000
0.350000
0.450000
2.150000
2.050000
1.650000
1.550000
1.150000
1.050000
1.900000
1.900000
1.900000
1.350000
1.250000
1.750000
1.050000
1.150000
0.500000
0.500000
1.250000
1.350000
1.840000
1.814286
0.950000
0.850000
0.650000
0.750000
1.950000
1.850000
0.500000
0.585714
0.560000
0.250000
0.350000
0.530000
0.510000
0.450000
0.550000
2.200000
0.200000
