0.006042 -0.000115 0.019065
0.007466 -0.004530 0.024258
0.008010 -0.007388 0.026593
0.008289 -0.008849 0.027691
0.008578 -0.009411 0.028102
0.008636 -0.009607 0.028268
0.009675 -0.009756 0.028191
0.010115 -0.010186 0.028504
0.017758 -0.003123 0.053112
0.026561 -0.004185 0.075493
0.051295 0.002002 0.098957
0.076154 0.008054 0.115987
0.065199 0.006456 0.140498
0.110210 0.014994 0.163608
0.126072 0.012272 0.180960
0.101570 -0.011746 0.213201
0.151463 0.005379 0.227632
0.187337 0.021811 0.247656
0.207744 0.034843 0.268370
0.223959 0.026818 0.289865
0.241939 0.030286 0.316455
0.259845 0.036167 0.334842
0.268575 0.036018 0.352567
0.285130 0.039954 0.376850
0.279425 0.030857 0.402552
0.312906 0.045427 0.421365
0.328080 0.049959 0.443988
0.336648 0.064503 0.497741
0.348466 0.085483 0.549529
0.350328 0.080158 0.601098
0.359938 0.082349 0.652169
0.362871 0.083232 0.706288
0.371380 0.094972 0.757054
0.379406 0.096500 0.797467
0.385658 0.104606 0.848262
0.387871 0.109182 0.884630
0.395662 0.118298 0.929793
0.396260 0.120743 0.971150
0.400516 0.124765 1.023152
0.394492 0.127285 1.074210
0.402163 0.137246 1.115083
0.403897 0.140828 1.180799
0.402578 0.131755 1.228941
0.401192 0.124875 1.274728
0.403477 0.124334 1.326379
0.405613 0.118442 1.381225
0.414378 0.117012 1.427798
0.418532 0.114196 1.473320
0.407931 0.105381 1.513152
0.408859 0.109079 1.561429
0.414055 0.100426 1.605559
0.419646 0.092798 1.632322
0.424831 0.079996 1.674762
0.422528 0.072792 1.728664
0.433138 0.062884 1.772117
0.435380 0.050987 1.804877
0.438821 0.039534 1.848543
0.470603 0.031357 1.863428
0.525763 -0.018712 1.907133
0.558389 0.032569 1.875509
0.571475 0.032361 1.844249
0.578101 0.026382 1.832742
0.599460 0.035773 1.827202
0.656608 0.044366 1.829194
0.688985 0.020335 1.809828
0.719657 0.013035 1.779566
0.742727 0.008664 1.771527
0.786776 -0.001255 1.755304
0.813666 -0.018234 1.741329
0.911662 -0.050763 1.745443
0.955041 -0.071100 1.751368
0.930116 -0.024005 1.718203
0.954960 -0.036598 1.692267
0.986853 -0.057674 1.684715
1.019375 -0.024824 1.669998
1.009072 -0.062913 1.655980
1.066869 -0.048804 1.663789
1.094214 -0.033728 1.669791
1.121215 -0.037279 1.670370
1.141818 -0.033341 1.659821
1.172801 -0.039331 1.650679
1.183734 -0.029984 1.635008
1.190096 -0.033875 1.622997
1.210523 -0.035358 1.613592
1.221405 -0.032300 1.608316
1.229679 -0.029107 1.608331
1.240501 -0.021706 1.628036
1.245721 -0.028529 1.668289
1.269067 -0.028725 1.705277
1.254907 -0.011264 1.746903
1.278271 -0.013830 1.809302
1.256070 0.023253 1.868304
1.280774 0.013757 1.924162
1.270586 0.043679 1.992926
1.267561 0.063254 2.062294
1.267643 0.080767 2.114912
1.274326 0.092924 2.166211
1.261493 0.110172 2.225783
1.269431 0.107790 2.284264
1.256631 0.124775 2.333734
1.258970 0.130415 2.387211
1.254461 0.141817 2.444901
1.256049 0.157691 2.478249
1.253011 0.175120 2.524574
1.296443 0.093304 2.549310
1.263255 0.169352 2.597722
1.274529 0.207475 2.646762
1.288011 0.229202 2.700888
1.300575 0.250082 2.721507
1.319959 0.264119 2.755450
1.328932 0.277315 2.780212
1.343153 0.296052 2.806057
1.388407 0.265164 2.817779
1.417529 0.351702 2.877742
1.418856 0.371085 2.907775
1.428152 0.393745 2.929307
1.455593 0.389878 2.936021
1.466196 0.415522 2.960585
1.482238 0.430903 2.989392
1.512941 0.432049 3.007726
1.530408 0.429100 3.021383
1.538844 0.456794 3.076342
1.562626 0.463284 3.107143
1.581784 0.474729 3.141056
1.602599 0.488677 -3.108055
1.627421 0.500186 -3.077623
1.667834 0.507122 -3.060271
1.667798 0.511370 -3.033336
1.692434 0.520516 -3.017253
1.727069 0.513699 -3.000615
1.723777 0.536672 -3.014728
1.736637 0.559379 -3.016442
1.746850 0.590443 -3.027686
1.732394 0.609398 -3.036751
1.744026 0.641821 -3.039796
1.772313 0.661458 -3.048183
1.838286 0.695190 -3.058963
1.776388 0.711441 -3.080146
1.753594 0.757763 -3.082270
1.758010 0.787261 -3.085272
1.760664 0.828340 -3.081984
1.759506 0.860154 -3.091320
1.752353 0.881482 -3.109609
1.744758 0.905237 -3.121770
1.744379 0.931138 -3.125786
1.751884 0.966556 -3.135540
1.765683 0.999226 -3.132243
1.810891 1.012312 3.135420
1.764115 1.046968 3.115957
1.768538 1.095857 3.114751
1.739561 1.111166 3.106649
1.799156 1.119627 3.109594
1.782543 1.143519 3.088611
1.786732 1.187690 3.086692
1.814877 1.214488 3.090738
1.833271 1.214246 3.075381
1.834021 1.232434 3.070854
1.790217 1.264886 3.099477
1.742855 1.250120 3.133793
1.738251 1.256079 -3.115261
1.733708 1.264081 -3.068982
1.725590 1.277396 -3.015423
1.759137 1.324884 -2.948296
1.682951 1.291962 -2.899500
1.650205 1.284723 -2.878110
1.644935 1.292728 -2.851972
1.621315 1.274500 -2.784085
1.608173 1.271312 -2.734570
1.604697 1.266108 -2.687996
1.585060 1.267937 -2.617164
1.554887 1.264116 -2.565419
1.535126 1.265804 -2.528863
1.510468 1.272155 -2.499519
1.492389 1.287481 -2.476090
1.477651 1.286282 -2.453307
1.452064 1.312757 -2.433586
1.407481 1.321601 -2.399273
1.432389 1.356573 -2.366259
1.423111 1.316554 -2.351285
1.420313 1.310631 -2.333276
1.431902 1.373224 -2.291604
1.413694 1.342882 -2.264862
1.409327 1.370685 -2.214235
1.386070 1.364846 -2.172042
1.370341 1.367550 -2.126212
1.378148 1.396506 -2.100037
1.351574 1.401072 -2.052827
1.328864 1.415928 -2.017219
1.347524 1.464282 -1.987153
1.374795 1.497304 -1.967807
1.329092 1.470897 -1.911753
1.294952 1.461336 -1.865302
1.283171 1.475454 -1.813799
1.267700 1.491148 -1.765881
1.252275 1.512653 -1.733274
1.261391 1.542485 -1.711013
1.256297 1.542194 -1.658777
1.241871 1.543460 -1.624262
1.256103 1.566913 -1.603404
1.246201 1.583682 -1.562304
1.233233 1.595614 -1.509625
1.219750 1.602381 -1.469202
1.205760 1.613455 -1.438991
1.196119 1.629202 -1.422459
1.204132 1.668829 -1.406795
1.201112 1.731931 -1.382917
1.183281 1.711259 -1.389453
1.157034 1.706126 -1.399324
1.134995 1.709486 -1.408992
1.120911 1.737473 -1.433568
1.093461 1.741819 -1.439747
1.076828 1.741277 -1.443098
1.022762 1.804074 -1.451081
1.003543 1.752504 -1.456436
0.970650 1.757832 -1.464749
0.953284 1.754592 -1.472308
0.880695 1.740954 -1.457410
0.849996 1.732546 -1.473724
0.807632 1.681710 -1.478336
0.790330 1.735742 -1.496226
0.754908 1.731469 -1.517438
0.729853 1.730440 -1.520656
0.688906 1.734997 -1.532961
0.670008 1.722024 -1.538396
0.631166 1.749345 -1.543081
0.607628 1.783882 -1.547242
0.583517 1.755491 -1.547638
0.522427 1.874522 -1.526957
0.524191 1.786085 -1.531552
0.509791 1.755664 -1.542940
0.509876 1.772947 -1.556615
0.482473 1.769851 -1.554745
0.447552 1.768577 -1.547311
0.450296 1.750431 -1.497107
0.448309 1.749759 -1.459663
0.447294 1.727539 -1.407123
0.442985 1.706302 -1.355647
0.433342 1.690170 -1.294471
0.444060 1.675786 -1.235741
0.445993 1.659571 -1.185942
0.449636 1.639749 -1.137029
0.451813 1.637741 -1.085822
0.445758 1.620355 -1.027486
0.446313 1.588903 -0.974701
0.449640 1.573138 -0.927417
0.443826 1.554150 -0.882241
0.442677 1.551317 -0.833749
0.450474 1.529553 -0.794183
0.459829 1.510839 -0.750362
0.441169 1.536956 -0.704927
0.447084 1.499657 -0.654371
0.433712 1.489494 -0.612736
0.438398 1.462902 -0.564852
0.421818 1.439738 -0.535837
0.404066 1.420599 -0.500333
0.394416 1.403250 -0.470220
0.382353 1.393481 -0.442307
0.365202 1.372898 -0.417189
0.344407 1.357991 -0.385216
0.331358 1.342567 -0.361877
0.294088 1.366427 -0.342524
0.294945 1.348521 -0.306379
0.278896 1.330792 -0.273463
0.267948 1.300690 -0.236122
0.254858 1.280538 -0.202201
0.216100 1.261925 -0.150143
0.192876 1.262160 -0.107550
0.189864 1.257640 -0.061362
0.131659 1.270339 -0.028775
0.133058 1.254149 0.016160
0.134827 1.235997 0.059317
0.113625 1.223052 0.097747
0.084540 1.213258 0.125864
0.052082 1.204431 0.147063
0.059391 1.209040 0.167199
0.015281 1.207021 0.179773
0.010910 1.187418 0.212334
-0.004422 1.163122 0.194331
-0.017634 1.148547 0.182498
-0.019597 1.125863 0.173673
-0.019660 1.098360 0.165147
-0.026403 1.077257 0.153954
0.029197 1.061099 0.153424
-0.022590 1.020323 0.138059
-0.029326 0.988399 0.127213
-0.065907 0.986219 0.092450
-0.043935 0.934903 0.084131
-0.097550 0.961140 0.055000
-0.053516 0.876043 0.047854
-0.090347 0.827752 0.053563
-0.010705 0.884578 0.023865
-0.031872 0.817157 0.019068
-0.057033 0.746168 0.025108
-0.061444 0.694570 0.018283
-0.008772 0.731455 -0.009852
-0.045771 0.659002 -0.003904
-0.060843 0.619139 -0.002164
-0.052426 0.579409 0.000066
-0.054660 0.559539 0.006861
-0.075313 0.571810 -0.037664
-0.063651 0.528513 -0.041982
-0.059019 0.495295 -0.040276
-0.055802 0.474510 -0.046142
-0.073335 0.460328 -0.051069
-0.069209 0.437471 -0.025434
-0.062777 0.423224 0.015322
-0.072394 0.394897 0.065087
-0.032936 0.399943 0.110531
-0.026903 0.411702 0.174351
-0.040729 0.403037 0.227517
0.003525 0.408848 0.297803
0.018066 0.413888 0.352424
0.033609 0.411307 0.403864
0.045586 0.406841 0.495121
0.067903 0.423909 0.552933
0.080981 0.431276 0.602544
0.071891 0.406175 0.659384
0.105547 0.422728 0.720459
0.134696 0.429753 0.738718
0.146106 0.420472 0.745409
0.221178 0.469254 0.795093
0.158020 0.409259 0.835478
0.162921 0.405586 0.865576
0.200135 0.409633 0.903750
0.204032 0.403713 0.936153
0.201258 0.361678 0.955342
0.221508 0.357096 0.983940
0.243930 0.352892 1.012983
0.255268 0.340339 1.039911
0.281784 0.339430 1.065622
0.257839 0.294686 1.087980
0.294264 0.303612 1.116016
0.313734 0.289766 1.145260
0.328083 0.282540 1.170650
0.323759 0.247799 1.188356
0.351512 0.248048 1.215240
0.380116 0.252250 1.258361
0.375735 0.221531 1.288206
0.379628 0.202198 1.319720
0.405887 0.185476 1.356424
0.417496 0.169222 1.386118
0.434182 0.156559 1.418146
0.450309 0.133963 1.446755
0.464732 0.126167 1.467809
0.465881 0.108572 1.510950
0.467454 0.088548 1.548563
0.472616 0.074009 1.589183
0.481866 0.064164 1.641313
0.487052 0.046974 1.680743
0.496480 0.022964 1.712509
0.497340 0.004210 1.745747
0.501680 -0.021017 1.762527
0.521680 -0.015952 1.744185
0.573722 -0.069634 1.730144
0.579424 -0.038834 1.709869
0.600549 -0.014771 1.706143
0.632338 -0.012873 1.708178
0.651485 -0.027302 1.697087
0.682196 -0.038447 1.678906
0.682576 -0.054952 1.654853
0.739380 -0.040692 1.656788
0.773274 -0.032340 1.649221
0.813373 -0.027897 1.641919
0.859040 -0.030798 1.631215
0.855267 -0.097556 1.612187
0.902788 -0.059735 1.606069
0.938924 -0.056236 1.596186
0.951747 -0.062115 1.582654
1.009014 -0.073444 1.590411
1.016955 -0.032878 1.585844
1.041909 -0.041609 1.586101
1.075498 -0.054355 1.596249
1.093976 -0.052867 1.600802
1.105306 -0.020668 1.614205
1.137958 -0.040575 1.591904
1.185190 -0.055846 1.584252
1.198657 -0.044572 1.581118
1.218598 -0.036369 1.582813
1.239870 -0.046169 1.578141
1.259335 -0.050520 1.608857
1.251819 -0.031868 1.644444
1.248471 -0.020100 1.675709
1.246265 -0.004230 1.720521
1.244340 0.015104 1.765074
1.255865 0.023426 1.826055
1.293436 0.019725 1.886956
1.259203 0.066109 1.948347
1.253524 0.082978 2.013047
1.268297 0.092126 2.074087
1.270346 0.110907 2.129094
1.263574 0.129718 2.174619
1.270799 0.140832 2.215190
1.301646 0.123057 2.253667
1.278832 0.169411 2.271666
1.278822 0.184464 2.292275
1.268424 0.204805 2.322307
1.255427 0.223752 2.343238
1.263304 0.222651 2.386249
1.269876 0.239341 2.430752
1.283872 0.239512 2.462919
1.287093 0.253567 2.500548
1.312110 0.237907 2.505763
1.322779 0.260826 2.556114
1.345358 0.273140 2.588208
1.353238 0.296189 2.616614
1.385116 0.266221 2.628186
1.364200 0.306345 2.658803
1.408580 0.281140 2.680111
1.399409 0.320189 2.724038
1.412339 0.354810 2.757108
1.433464 0.372078 2.779493
1.451698 0.385981 2.812268
1.475025 0.395700 2.844466
1.493154 0.397412 2.866802
1.521483 0.413805 2.908945
1.527519 0.441856 2.946123
1.545901 0.440922 2.982098
1.548848 0.462231 3.024370
1.577066 0.454344 3.069941
1.597442 0.465468 3.122073
1.604006 0.472204 -3.128499
1.613365 0.473688 -3.070487
1.642969 0.472279 -3.032357
1.664140 0.482168 -2.985109
1.667715 0.494326 -2.955976
1.689457 0.517522 -2.920705
1.708648 0.548247 -2.918455
1.745636 0.591120 -2.915477
1.738228 0.622381 -2.958364
1.735270 0.665223 -2.978110
1.718152 0.669207 -2.989947
1.723264 0.679772 -3.010459
1.724638 0.706967 -3.024257
1.728533 0.746694 -3.026966
1.770589 0.731281 -3.052116
1.742636 0.770383 -3.061539
1.755801 0.810292 -3.078604
1.757186 0.848856 -3.094713
1.855734 0.855706 -3.107472
1.839842 0.889411 -3.117112
1.765934 0.927843 -3.125388
1.756168 0.963617 -3.130572
1.757314 0.988262 3.134747
1.753496 1.014228 3.113327
1.817060 1.049187 3.103854
1.765500 1.076354 3.099551
1.750522 1.098223 3.104196
1.765105 1.119834 3.101845
1.779216 1.144500 3.091719
1.764926 1.175420 3.089148
1.763690 1.196717 3.085873
1.808799 1.228696 3.089250
1.765875 1.250248 3.082032
1.749815 1.261580 3.112207
1.743439 1.266697 3.135743
1.730131 1.257213 -3.113532
1.710424 1.257085 -3.059154
1.744613 1.291461 -2.987898
1.694398 1.272536 -2.937015
1.672943 1.270310 -2.904009
1.653880 1.285802 -2.852262
1.637234 1.283300 -2.811090
1.635161 1.314301 -2.758779
1.616674 1.296216 -2.716557
1.595638 1.277181 -2.647746
1.582867 1.294729 -2.598709
1.567462 1.292014 -2.561871
1.542216 1.292736 -2.535323
1.515847 1.287217 -2.529258
1.513266 1.314431 -2.522860
1.483728 1.300882 -2.524236
1.469077 1.297213 -2.523254
1.453562 1.303493 -2.509795
1.452137 1.319562 -2.479279
1.440719 1.316733 -2.448436
1.433398 1.322638 -2.423920
1.423584 1.348208 -2.384788
1.415877 1.351246 -2.351162
1.403457 1.353987 -2.321697
1.402448 1.364421 -2.279242
1.403735 1.386974 -2.245000
1.383810 1.386286 -2.219115
1.406911 1.415343 -2.186157
1.401722 1.451746 -2.156053
1.366341 1.453142 -2.120141
1.348605 1.446094 -2.086907
1.345185 1.468636 -2.045531
1.327083 1.460260 -2.001012
1.313665 1.467582 -1.959004
1.312691 1.478155 -1.909151
1.294885 1.498671 -1.863860
1.289088 1.505260 -1.823713
1.267100 1.524303 -1.753123
1.254042 1.542059 -1.714410
1.246550 1.571990 -1.687279
1.235896 1.571384 -1.651515
1.240669 1.593156 -1.625309
1.231375 1.600383 -1.582979
1.220827 1.605069 -1.540627
1.213479 1.618518 -1.499104
1.215755 1.642151 -1.467907
1.210407 1.653751 -1.442415
1.199292 1.658378 -1.425958
1.198807 1.686880 -1.399579
1.211195 1.754211 -1.415426
1.206546 1.746022 -1.413100
1.161585 1.739145 -1.442412
1.125601 1.721269 -1.465192
1.068834 1.808622 -1.472366
1.097780 1.784323 -1.490292
1.066994 1.754256 -1.496680
1.018549 1.746716 -1.504550
0.977662 1.757988 -1.517595
0.949397 1.745533 -1.528983
0.895886 1.761995 -1.530843
0.884372 1.770203 -1.542792
0.822165 1.830492 -1.561599
0.803715 1.766443 -1.585960
0.781084 1.816625 -1.608197
0.755689 1.798262 -1.619835
0.720860 1.773390 -1.624228
0.706058 1.810196 -1.634530
0.661645 1.772605 -1.631546
0.645137 1.779243 -1.644591
0.607601 1.763478 -1.646822
0.583395 1.761126 -1.630911
0.551902 1.776638 -1.661165
0.534785 1.755188 -1.667315
0.503629 1.816042 -1.658354
0.532227 1.847654 -1.655412
0.492361 1.844899 -1.660707
0.458997 1.768090 -1.668626
0.423696 1.801319 -1.648708
0.417681 1.761089 -1.593018
0.401984 1.766847 -1.537049
0.412283 1.722274 -1.492976
0.413825 1.694136 -1.439835
0.385555 1.725519 -1.400924
0.401972 1.660425 -1.372561
0.402332 1.648589 -1.321680
0.416124 1.639955 -1.280953
0.428861 1.633811 -1.242316
0.447576 1.627509 -1.164855
0.440015 1.614876 -1.111424
0.409434 1.590389 -1.038773
0.393580 1.553497 -0.980861
0.417003 1.525919 -0.926115
0.419788 1.508110 -0.884929
0.418290 1.493897 -0.839234
0.411492 1.479267 -0.800013
0.404689 1.466069 -0.766239
0.374416 1.482466 -0.730320
0.393091 1.447971 -0.709810
0.383319 1.445280 -0.677559
0.379696 1.422836 -0.648561
0.370736 1.408593 -0.618099
0.350723 1.417788 -0.589927
0.345790 1.419716 -0.558842
0.333071 1.390382 -0.514685
0.312063 1.371942 -0.472686
0.284612 1.384076 -0.447497
0.282749 1.350288 -0.413150
0.271084 1.320626 -0.372814
0.252722 1.311255 -0.340933
0.240896 1.298698 -0.303439
0.228780 1.285115 -0.264300
0.203590 1.260280 -0.204204
0.190118 1.247959 -0.164349
0.169821 1.245583 -0.135353
0.154651 1.245213 -0.084169
0.132663 1.243815 -0.046014
0.119902 1.226407 -0.000357
0.100618 1.224297 0.064702
0.089934 1.214454 0.097675
0.081592 1.209224 0.142968
0.062266 1.201719 0.169501
0.035170 1.193465 0.192013
0.014679 1.184214 0.212774
0.013003 1.166282 0.205198
-0.017981 1.153363 0.190478
-0.007274 1.124668 0.174424
-0.032237 1.092849 0.163107
0.009871 1.117225 0.142976
-0.013855 1.060552 0.134866
-0.020351 1.023098 0.124364
-0.021030 0.992676 0.119288
-0.022783 0.960881 0.108842
-0.027946 0.921835 0.095668
-0.027958 0.871054 0.074939
-0.012166 0.856151 0.063943
-0.046079 0.835934 0.045130
-0.134881 0.848194 0.026414
-0.085147 0.810144 0.010265
-0.113319 0.762822 0.008417
-0.019434 0.774695 -0.013144
-0.041281 0.700276 -0.011878
-0.036346 0.669255 -0.027357
-0.072839 0.627952 -0.031328
-0.054325 0.599702 -0.039503
-0.069331 0.594003 -0.059548
-0.069264 0.557804 -0.067272
-0.108849 0.542458 -0.076624
-0.065982 0.505823 -0.085760
-0.062746 0.476857 -0.077112
-0.056931 0.456656 -0.065424
-0.098600 0.439672 -0.051812
-0.113070 0.417113 -0.042078
-0.060616 0.417481 -0.000999
-0.121279 0.407801 0.032400
-0.051999 0.404942 0.098337
-0.014953 0.410797 0.169079
0.006620 0.419089 0.202445
-0.016689 0.402417 0.260651
0.020583 0.397658 0.330933
0.049009 0.407533 0.362145
0.068297 0.415755 0.415758
0.079134 0.409947 0.461779
0.089027 0.417654 0.512458
0.116303 0.433858 0.569060
0.126621 0.416188 0.617990
0.137341 0.396856 0.668605
0.163089 0.418110 0.703252
0.178365 0.423307 0.737343
0.166752 0.399209 0.775273
0.201180 0.413764 0.808553
0.193805 0.386258 0.858617
0.220326 0.395041 0.886466
0.229886 0.388039 0.917264
0.229114 0.376104 0.939386
0.250352 0.375317 0.972038
0.271483 0.367982 1.010046
0.275584 0.345695 1.046204
0.302887 0.343357 1.096013
0.318178 0.327047 1.125187
0.324819 0.311110 1.150990
0.343260 0.294088 1.178467
0.341627 0.259726 1.208343
0.380911 0.275688 1.235539
0.385222 0.251990 1.264816
0.418970 0.263015 1.292903
0.409623 0.226254 1.318108
0.404136 0.195135 1.346611
0.429119 0.189942 1.376761
0.468806 0.190153 1.421443
0.466487 0.155231 1.445260
0.472607 0.143286 1.474051
0.473580 0.125163 1.505401
