0.014688 -0.000199 0.013573
0.017315 -0.004311 0.017601
0.017826 -0.006951 0.019633
0.018450 -0.008227 0.020548
0.018708 -0.008730 0.020896
0.018669 -0.008910 0.021050
0.018843 -0.008947 0.021049
0.018535 -0.009043 0.021189
0.020205 -0.009630 0.015721
0.049048 -0.005758 0.031605
0.061825 -0.007230 0.055594
0.103177 -0.003925 0.069227
0.081565 0.021592 0.082120
0.130131 0.059579 0.068594
0.196125 0.034703 0.099562
0.255267 0.024550 0.126106
0.281240 0.012586 0.144495
0.334313 0.019613 0.177160
0.378596 0.019698 0.194508
0.397496 0.017574 0.211838
0.402047 0.032440 0.229060
0.453819 0.033548 0.240295
0.473280 0.045478 0.262763
0.528139 0.048757 0.276285
0.567145 0.046721 0.290088
0.595988 0.057047 0.306978
0.623937 0.064462 0.322760
0.667917 0.080413 0.342611
0.699970 0.090144 0.363373
0.702682 0.085479 0.385277
0.736196 0.094540 0.401808
0.745134 0.085000 0.424999
0.811331 0.119087 0.444191
0.847637 0.137823 0.458760
0.904074 0.153249 0.481456
0.865283 0.097094 0.517397
0.925537 0.138279 0.535880
0.912649 0.142156 0.553061
0.967765 0.154485 0.566035
1.013429 0.170152 0.576358
1.036829 0.175416 0.589945
1.071939 0.186838 0.606323
1.076391 0.182336 0.642111
1.099038 0.198198 0.675590
1.115980 0.194168 0.695980
1.148658 0.217069 0.736218
1.162861 0.228801 0.777579
1.190218 0.243850 0.832750
1.200409 0.244315 0.884091
1.234918 0.279722 0.897546
1.244199 0.261680 0.945100
1.261192 0.250019 0.972369
1.283854 0.258651 0.995266
1.299852 0.250919 1.022938
1.320006 0.250217 1.053362
1.334344 0.252274 1.099488
1.356237 0.249343 1.131900
1.378134 0.240544 1.164381
1.402326 0.231713 1.192158
1.418461 0.221107 1.215018
1.435188 0.226405 1.243777
1.453337 0.225456 1.270348
1.475838 0.218761 1.302564
1.494166 0.211653 1.331687
1.513708 0.206242 1.355795
1.530724 0.197773 1.381202
1.549720 0.191780 1.408350
1.566639 0.180786 1.431813
1.574549 0.171004 1.461110
1.593488 0.170359 1.462624
1.604225 0.157941 1.479695
1.618636 0.156081 1.497898
1.632881 0.145154 1.523661
1.644855 0.124978 1.547417
1.653981 0.119913 1.576111
1.666288 0.109286 1.594777
1.668248 0.101334 1.614786
1.690499 0.065750 1.637217
1.685650 0.075279 1.655199
1.678722 0.066970 1.684411
1.665780 0.038992 1.744799
1.664572 0.011285 1.774041
1.658867 0.017566 1.785491
1.594467 0.067876 1.781416
1.626034 0.082125 1.802385
1.629894 0.113615 1.816014
1.621491 0.157024 1.838769
1.627007 0.189556 1.859439
1.628157 0.227471 1.886552
1.633989 0.211538 1.895786
1.663001 0.248382 1.925391
1.563877 0.344372 1.925676
1.579460 0.369868 1.945077
1.586242 0.395513 1.965885
1.618765 0.375401 1.986735
1.592202 0.450910 2.002852
1.531623 0.508150 2.016375
1.583490 0.510125 2.041333
1.560580 0.572028 2.055013
1.530086 0.617434 2.071830
1.557231 0.632222 2.100408
1.600221 0.620386 2.128745
1.528014 0.708049 2.132341
1.515243 0.732368 2.162853
1.482300 0.757162 2.159171
1.498903 0.787346 2.168321
1.499779 0.810835 2.175158
1.487685 0.851127 2.180683
1.497103 0.876171 2.194002
1.481610 0.920417 2.207026
1.465357 0.950329 2.243348
1.458727 0.972081 2.284861
1.483905 0.960633 2.321073
1.450033 1.017371 2.360855
1.440250 1.048584 2.391951
1.435651 1.075961 2.420288
1.420573 1.102502 2.456739
1.421710 1.119678 2.491779
1.427348 1.147361 2.516316
1.429166 1.170796 2.534415
1.426970 1.196632 2.564496
1.428304 1.220856 2.597762
1.472892 1.207858 2.613876
1.443676 1.238552 2.626551
1.435183 1.258545 2.647892
1.413811 1.276020 2.656964
1.439060 1.303624 2.681258
1.458624 1.328023 2.705892
1.499409 1.343644 2.735981
1.476127 1.371324 2.761978
1.517689 1.391229 2.778813
1.495730 1.418424 2.797663
1.503024 1.446663 2.824122
1.528982 1.469483 2.849390
1.523335 1.494310 2.868086
1.533246 1.519006 2.889427
1.544645 1.539690 2.911082
1.552411 1.560476 2.938721
1.557930 1.586620 2.960713
1.562123 1.604680 2.978649
1.585984 1.632956 3.001886
1.597567 1.646133 3.025667
1.660379 1.693863 3.078106
1.623578 1.709290 3.074388
1.607132 1.701880 3.085679
1.619876 1.697125 3.108742
1.630247 1.704590 3.134723
1.627751 1.715212 -3.124860
1.647358 1.727322 -3.090260
1.656220 1.742188 -3.047680
1.666437 1.789333 -3.020895
1.647823 1.770071 -3.013326
1.626337 1.765139 -2.994081
1.598408 1.770625 -2.983606
1.586526 1.773973 -2.964686
1.547338 1.774796 -2.946337
1.502646 1.773419 -2.930222
1.471886 1.757602 -2.916282
1.442628 1.762296 -2.893713
1.374341 1.737579 -2.878941
1.338786 1.729960 -2.856539
1.304637 1.727931 -2.837074
1.294314 1.738419 -2.806734
1.271996 1.707176 -2.801210
1.257643 1.707181 -2.787282
1.197703 1.666469 -2.781898
1.203730 1.710443 -2.753390
1.115081 1.667592 -2.736227
1.071654 1.646872 -2.721082
1.042220 1.625632 -2.707646
0.986734 1.680574 -2.657268
0.965556 1.642575 -2.630208
0.956044 1.624996 -2.634473
0.913354 1.639526 -2.610763
0.881349 1.596307 -2.604732
0.897962 1.636443 -2.582682
0.830360 1.617119 -2.539119
0.783630 1.592740 -2.515338
0.752501 1.561052 -2.506790
0.740414 1.538322 -2.506109
0.709851 1.558012 -2.486262
0.680570 1.526659 -2.484510
0.657859 1.511532 -2.478653
0.641088 1.512986 -2.469240
0.624831 1.515667 -2.467153
0.583891 1.481993 -2.422797
0.575519 1.477509 -2.388392
0.544394 1.472693 -2.347105
0.518125 1.455528 -2.312138
0.516427 1.499103 -2.272098
0.469352 1.468889 -2.269133
0.435720 1.476579 -2.255386
0.406438 1.464296 -2.271140
0.386431 1.467328 -2.273930
0.372182 1.488323 -2.280666
0.339541 1.466628 -2.282901
0.333170 1.466215 -2.265856
0.307297 1.474592 -2.236912
0.293324 1.474520 -2.207264
0.275887 1.491166 -2.165756
0.258466 1.494017 -2.140773
0.247413 1.500845 -2.111590
0.225839 1.510675 -2.077721
0.228248 1.548937 -2.049361
0.210952 1.525154 -2.023227
0.206577 1.544317 -1.997343
0.172217 1.548957 -1.954077
0.153820 1.547049 -1.924544
0.142698 1.548491 -1.890331
0.124074 1.555400 -1.867858
0.114868 1.563031 -1.831051
0.097368 1.594520 -1.806168
0.095917 1.587241 -1.789470
0.094329 1.582764 -1.762240
0.082672 1.590647 -1.731839
0.070601 1.600493 -1.705982
0.062535 1.610367 -1.678040
0.057836 1.612731 -1.636897
0.049217 1.610051 -1.605503
0.034396 1.615847 -1.588508
0.024881 1.629348 -1.557282
0.013003 1.638420 -1.530108
0.004111 1.656017 -1.520732
0.001844 1.648544 -1.498328
-0.003434 1.654908 -1.462727
-0.016610 1.667775 -1.437966
-0.029687 1.654582 -1.427262
-0.055172 1.677393 -1.390684
-0.028090 1.603059 -1.386687
-0.018629 1.567882 -1.376234
-0.040799 1.589743 -1.349021
-0.022287 1.507154 -1.338119
0.004750 1.512953 -1.335446
0.015866 1.425686 -1.314845
0.029626 1.366313 -1.302822
0.032578 1.335196 -1.279921
0.037293 1.312181 -1.261574
-0.058855 1.309624 -1.231440
0.015427 1.277719 -1.219102
0.028126 1.257678 -1.201558
0.056267 1.209770 -1.193309
-0.002782 1.149319 -1.140799
0.051124 1.108216 -1.130527
0.056090 1.089788 -1.120344
0.106969 1.030280 -1.105574
0.104775 0.996848 -1.087753
0.124530 0.964390 -1.064683
0.127233 0.938515 -1.050879
0.144111 0.895559 -1.032092
0.156463 0.868696 -1.018391
0.168381 0.826112 -0.997740
0.160974 0.804737 -0.982599
0.178201 0.759373 -0.960144
0.185181 0.729102 -0.938251
0.181286 0.709744 -0.924011
0.203912 0.663992 -0.903705
0.217519 0.649857 -0.862339
0.203938 0.657173 -0.812796
0.219548 0.617586 -0.770779
0.246476 0.579808 -0.721140
0.247339 0.563332 -0.679145
0.261258 0.546950 -0.636764
0.260484 0.552477 -0.610632
0.275844 0.505049 -0.585555
0.269251 0.478152 -0.566790
0.249998 0.466029 -0.559221
0.268167 0.425417 -0.559855
0.282626 0.390180 -0.566858
0.283418 0.368974 -0.551299
0.266676 0.342630 -0.529203
0.208007 0.339850 -0.515436
0.241192 0.312758 -0.498122
0.241021 0.291540 -0.479641
0.235436 0.275926 -0.452536
0.219493 0.254532 -0.429191
0.208215 0.239053 -0.409783
0.204290 0.217619 -0.376326
0.184084 0.194506 -0.344873
0.187131 0.170291 -0.324233
0.181455 0.149895 -0.304818
0.172732 0.134764 -0.282459
0.150281 0.133048 -0.256988
0.152696 0.112930 -0.226531
0.141400 0.097093 -0.197147
0.126927 0.088826 -0.156114
0.118581 0.073588 -0.122546
0.102972 0.070516 -0.087937
0.082453 0.034231 -0.052022
0.046979 0.016486 -0.016973
0.081610 0.011561 -0.000011
0.075192 0.001504 0.040585
0.076962 -0.012034 0.066884
0.048880 -0.027186 0.109827
0.055101 -0.030222 0.129617
0.041597 -0.043338 0.141466
0.032015 -0.053353 0.152557
0.040710 -0.060540 0.164302
0.034409 -0.068471 0.181855
0.077172 -0.056608 0.196116
0.139984 -0.055111 0.212887
0.172978 -0.035377 0.223898
0.132553 -0.109417 0.270514
0.192247 -0.110811 0.293222
0.264235 -0.078282 0.305143
0.323041 -0.027829 0.303498
0.315929 -0.009717 0.306893
0.378364 0.007762 0.315606
0.413599 0.019009 0.329790
0.448218 0.001518 0.355717
0.439869 0.009082 0.369435
0.502033 0.030126 0.383787
0.544105 0.055813 0.397363
0.587141 0.075031 0.413327
0.623591 0.089895 0.439587
0.653900 0.096262 0.458334
0.689378 0.105517 0.470228
0.704105 0.097676 0.493327
0.737993 0.125057 0.510436
0.795751 0.179931 0.517822
0.761813 0.114639 0.550483
0.827829 0.150751 0.576785
0.822210 0.126660 0.597497
0.885226 0.148807 0.622016
0.931063 0.171667 0.630837
0.960621 0.174331 0.648420
0.993103 0.187650 0.654384
1.016603 0.203349 0.671016
1.032516 0.201363 0.708049
1.068988 0.224578 0.758777
1.088484 0.226767 0.792673
1.105046 0.230742 0.834861
1.131041 0.244164 0.864026
1.139465 0.244089 0.897385
1.150636 0.246105 0.921565
1.153748 0.239127 0.934613
1.208618 0.263269 0.928660
1.241677 0.261419 0.944849
1.266280 0.250404 0.943073
1.286825 0.254305 0.952888
1.309451 0.256250 0.957971
1.317860 0.235302 0.980864
1.337111 0.230635 1.004907
1.361481 0.223042 1.024019
1.384550 0.216256 1.048297
1.403957 0.211296 1.078808
1.430817 0.204660 1.116467
1.443416 0.196963 1.146937
1.461098 0.192046 1.188202
1.476832 0.183097 1.217167
1.495758 0.176567 1.248939
1.508548 0.157668 1.279564
1.522947 0.158353 1.301577
1.542859 0.152192 1.330656
1.566446 0.146954 1.361409
1.584152 0.141704 1.387115
1.604418 0.122230 1.415767
1.615428 0.129431 1.439815
1.628843 0.116714 1.443868
1.638873 0.108031 1.474658
1.647530 0.101318 1.500126
1.642598 0.095754 1.527880
1.646879 0.083497 1.561607
1.645483 0.075354 1.593239
1.660445 0.043418 1.632456
1.690268 0.032844 1.696445
1.707127 0.030503 1.728140
1.711783 0.027147 1.757059
1.714954 0.036384 1.768384
1.725917 0.040995 1.768073
1.714900 0.068559 1.787691
1.711181 0.110910 1.801494
1.694195 0.143198 1.815201
1.685825 0.179978 1.834999
1.646433 0.220946 1.845660
1.703878 0.223563 1.877692
1.683005 0.275234 1.890421
1.659563 0.319503 1.902159
1.650341 0.360551 1.921738
1.658934 0.391287 1.952086
1.602540 0.418983 1.950774
1.640183 0.426305 1.965125
1.622197 0.465104 1.982908
1.602389 0.521774 1.999640
1.609102 0.543814 2.013478
1.592441 0.586411 2.022722
1.663072 0.555748 2.053916
1.598686 0.633755 2.070793
1.615690 0.642040 2.093769
1.597508 0.678317 2.132060
1.573193 0.704451 2.141060
1.557877 0.751291 2.153978
1.543456 0.794064 2.163649
1.525820 0.828599 2.176261
1.550086 0.825073 2.191972
1.510505 0.883618 2.204780
1.506478 0.892749 2.214596
1.461840 0.933536 2.224064
1.468595 0.961975 2.265655
1.486153 0.977972 2.311348
1.466952 1.013792 2.363628
1.482095 1.020938 2.407980
1.461543 1.057963 2.442727
1.412356 1.085557 2.478470
1.443530 1.114967 2.533957
1.461179 1.145889 2.559065
1.429777 1.170136 2.563780
1.444189 1.192473 2.598825
1.452187 1.216134 2.636828
1.445037 1.229011 2.674960
1.464827 1.217184 2.682328
1.463326 1.261386 2.714745
1.473955 1.290873 2.736707
1.459465 1.318765 2.752325
1.464644 1.341963 2.768796
1.476227 1.362100 2.796437
1.481101 1.380456 2.812958
1.485419 1.401640 2.831354
1.496509 1.427098 2.854669
1.499419 1.453227 2.867622
1.529349 1.481759 2.890502
1.527500 1.501131 2.905555
1.535631 1.528011 2.928250
1.542128 1.545242 2.952792
1.562553 1.573004 2.981769
1.586357 1.595491 3.001912
1.574441 1.612912 3.013456
1.577485 1.629956 3.027495
1.587329 1.649146 3.050551
1.601652 1.660189 3.084564
1.602621 1.674958 3.084918
1.608316 1.684370 3.093449
1.615017 1.697617 3.114361
1.644653 1.714796 3.137362
1.640713 1.722979 -3.119345
1.646898 1.730737 -3.104887
1.652657 1.740393 -3.081798
1.670904 1.752834 -3.040479
1.659935 1.773469 -3.004631
1.681625 1.846196 -2.964212
1.681145 1.853752 -2.957861
1.595667 1.839904 -2.944968
1.559896 1.826725 -2.911930
1.610939 1.797151 -2.930516
1.492759 1.749127 -2.925102
1.475422 1.761529 -2.902198
1.434044 1.752959 -2.889936
1.373528 1.720536 -2.883364
1.342699 1.726040 -2.852759
1.300366 1.698994 -2.845993
1.276870 1.705890 -2.822558
1.279981 1.720164 -2.796330
1.219236 1.700564 -2.790081
1.169868 1.668403 -2.771774
1.119320 1.633659 -2.753660
1.101850 1.641025 -2.732795
1.057829 1.627316 -2.704324
1.009913 1.595007 -2.685528
0.979863 1.644864 -2.659285
1.002942 1.657966 -2.650094
0.989276 1.658493 -2.635501
0.916322 1.595108 -2.624990
0.897636 1.579439 -2.609200
0.865094 1.586311 -2.579546
0.828418 1.551237 -2.561699
0.823375 1.567086 -2.540338
0.770496 1.544893 -2.531832
0.759049 1.545136 -2.514059
0.703834 1.513078 -2.528391
0.665168 1.491273 -2.518095
0.637983 1.490514 -2.506012
0.642095 1.502174 -2.464021
0.602369 1.473954 -2.428823
0.575102 1.467842 -2.392709
0.544945 1.475180 -2.325223
0.523766 1.469548 -2.283157
0.520029 1.457070 -2.251167
0.497669 1.440005 -2.224604
0.490112 1.457409 -2.200769
0.448082 1.454033 -2.203953
0.428251 1.448056 -2.205731
0.417271 1.454808 -2.192621
0.401479 1.441540 -2.164013
0.381228 1.434661 -2.131219
0.360821 1.439326 -2.103685
0.339202 1.440612 -2.076133
0.320495 1.451162 -2.052011
0.283636 1.477610 -1.999331
0.266605 1.481265 -1.962917
0.217983 1.538346 -1.919650
0.222156 1.528203 -1.913283
0.206310 1.502712 -1.897294
0.184089 1.521233 -1.872330
0.168152 1.520383 -1.857265
0.158974 1.521580 -1.839665
0.152910 1.548481 -1.821427
0.133729 1.547426 -1.794611
0.108637 1.553847 -1.760188
0.102204 1.552738 -1.722888
0.084083 1.557446 -1.716774
0.081322 1.581818 -1.689828
0.063786 1.586261 -1.667365
0.055136 1.587237 -1.639842
0.034390 1.600119 -1.605272
0.022136 1.606039 -1.572485
0.009246 1.625778 -1.542605
-0.005125 1.639389 -1.504022
-0.019560 1.644377 -1.480175
-0.042749 1.659790 -1.459056
-0.056525 1.670155 -1.440894
-0.165775 1.715630 -1.366078
-0.093334 1.658710 -1.378315
-0.072600 1.636658 -1.370218
-0.069496 1.617951 -1.366832
-0.069186 1.587719 -1.346244
-0.054621 1.544042 -1.335786
-0.066729 1.552701 -1.310894
-0.043318 1.481609 -1.297042
-0.057140 1.474743 -1.272501
-0.020448 1.386645 -1.258627
-0.011733 1.356824 -1.250209
0.009227 1.315500 -1.228475
-0.075061 1.332994 -1.185970
0.008322 1.257001 -1.184754
0.036044 1.201132 -1.170927
0.042985 1.161842 -1.148643
-0.028744 1.156329 -1.123889
-0.047376 1.131007 -1.074196
0.048756 1.049147 -1.073246
0.061711 1.026517 -1.068394
0.088962 0.989617 -1.068449
0.092324 0.959042 -1.055151
0.100260 0.944962 -1.041239
0.115143 0.903637 -1.019464
0.131868 0.864099 -0.998494
0.133430 0.831285 -0.974030
0.144508 0.814582 -0.963524
0.144060 0.789023 -0.938977
0.160107 0.755001 -0.926363
0.158007 0.730975 -0.910238
0.172955 0.684384 -0.903849
0.178498 0.658685 -0.892425
0.170524 0.651467 -0.868862
0.196042 0.619431 -0.837020
0.185154 0.612284 -0.795655
0.215634 0.572930 -0.761304
0.214744 0.577220 -0.732492
0.237630 0.532056 -0.683461
0.241808 0.508987 -0.661765
0.253177 0.483229 -0.640539
0.262884 0.462861 -0.628124
0.266163 0.439499 -0.618932
0.264934 0.420615 -0.617501
0.241107 0.400254 -0.602562
0.242410 0.383725 -0.584875
0.247068 0.355398 -0.570228
0.247608 0.333367 -0.543678
0.232926 0.310918 -0.517196
0.228599 0.291895 -0.493373
0.217686 0.273993 -0.461793
0.172878 0.276127 -0.444339
0.169616 0.260038 -0.416808
0.183375 0.230991 -0.390406
0.177499 0.199831 -0.352927
0.179063 0.179928 -0.331082
0.170692 0.163174 -0.304405
0.120649 0.141995 -0.270969
0.093100 0.125715 -0.239746
0.128533 0.124563 -0.219721
0.140808 0.122905 -0.206100
0.049343 0.063699 -0.154802
0.108905 0.071845 -0.141778
0.088749 0.058204 -0.121861
0.101698 0.060283 -0.097989
0.096806 0.048215 -0.071623
